867
588
301
439
570
264
433
498
632
344
635
405
453
466
515
711
639
912
852
456
321
401
847
593
167
943
15
858
353
654
704
44
31
775
215
375
33
407
285
727
149
569
895
695
449
440
305
660
26
761
136
885
571
456
782
363
810
579
595
199
388
36
970
266
189
797
413
874
406
290
401
310
195
149
731
812
508
836
450
571
477
844
714
163
71
36
805
391
637
255
451
692
772
856
76
822
706
534
578
465
970
407
796
703
159
691
303
593
466
940
610
575
524
981
359
949
23
39
354
736
698
139
516
420
106
391
967
715
677
99
763
406
893
403
5
196
847
540
138
302
837
680
224
828
793
453
931
581
844
201
231
143
58
575
782
695
178
634
889
252
222
951
591
227
620
452
625
246
542
315
744
13
201
298
636
930
845
811
653
271
129
987
249
372
860
341
453
976
256
733
924
651
441
914
30
825
820
722
154
47
771
464
805
28
264
232
519
538
111
665
790
320
37
862
926
178
123
595
409
792
766
741
16
407
53
934
329
34
225
751
893
957
687
4
704
996
250
41
319
995
43
12
48
630
840
802
177
551
21
213
213
694
545
501
604
570
999
208
591
838
344
772
152
415
939
344
482
19
470
527
643
465
429
824
494
199
530
13
319
887
816
281
650
350
825
298
761
458
997
851
193
73
17
742
610
862
50
954
280
829
730
847
922
411
719
330
501
682
543
72
351
197
554
210
783
60
564
421
972
171
139
158
191
607
940
374
807
439
226
389
923
540
44
133
622
719
706
424
256
864
50
792
17
873
462
78
51
997
999
559
306
555
824
925
878
105
897
148
874
864
510
12
931
253
330
304
639
686
773
224
954
142
391
704
33
66
741
99
142
920
128
90
762
806
125
821
659
955
579
896
333
346
95
824
285
620
115
900
518
782
263
571
72
940
819
634
852
154
903
415
110
670
815
153
994
904
124
30
269
98
99
246
650
251
341
261
740
352
322
552
635
556
458
426
825
708
323
201
291
680
339
699
983
179
538
279
488
757
347
976
833
119
28
57
889
569
659
939
834
659
962
495
870
824
188
517
613
740
919
846
750
241
968
737
987
931
255
123
319
153
748
373
329
443
563
128
974
116
749
774
337
651
116
719
314
839
830
238
622
354
770
806
616
808
223
664
385
618
100
309
869
50
838
744
211
249
922
804
835
582
756
317
426
89
757
419
539
75
730
591
848
402
608
99
731
145
561
695
126
128
404
485
900
954
711
539
926
516
631
864
544
16
202
840
955
295
462
137
109
428
904
430
971
673
57
861
706
455
341
427
102
974
954
878
932
294
549
938
880
959
195
826
650
662
258
718
257
781
874
957
333
601
913
520
17
604
370
557
347
944
291
85
635
978
103
520
380
972
749
885
904
182
189
690
836
351
165
916
90
115
478
526
194
927
155
74
768
436
681
924
907
672
878
921
773
111
325
922
793
514
10
83
313
284
249
127
819
904
16
757
408
722
176
593
230
161
50
658
154
976
851
571
488
84
395
459
758
236
435
200
49
790
109
192
682
220
561
168
826
82
375
64
346
489
907
48
94
674
78
641
140
239
475
715
557
536
319
994
827
187
359
538
215
897
895
406
969
577
540
954
457
326
142
810
654
650
960
568
907
609
200
909
939
600
764
35
993
783
67
669
704
533
597
857
186
712
964
110
673
996
910
476
490
70
587
947
980
493
358
669
443
861
6
564
261
142
254
187
727
452
249
529
158
498
776
730
583
401
498
673
383
173
894
849
744
705
745
365
327
270
522
738
982
166
802
855
317
216
56
468
916
143
620
264
550
572
908
141
201
939
15
27
292
557
512
774
971
415
993
554
61
494
463
896
754
908
424
300
193
46
577
328
511
874
160
348
99
34
707
962
182
571
834
394
495
307
668
849
478
280
897
231
698
565
445
497
461
698
684
874
575
833
340
557
17
557
935
829
54
695
725
112
654
1
887
369
600
546
802
666
557
275
14
213
989
989
374
831
524
745
387
719
100
464
687
254
832
781
692
141
189
434
100
620
43
860
878
290
260
651
793
581
560
177
928
402
729
665
600
833
641
340
431
77
477
186
550
280
870
387
155
701
930
465
833
476
571
728
60
30
662
968
450
803
394
441
243
671
992
911
972
334
717
382
944
33
62
725
990
287
434
91
792
28
198
266
255
685
463
279
116
48
868
729
110
137
712
576
379
372
860
193
827
474
605
776
474
64
635
598
583
511
633
44
251
210
490
659
14
576
808
104
48
925
135
291
933
850
855
470
532
6
67
463
361
760
816
323
703
584
199
872
166
937
197
605
801
818
894
534
732
490
367
39
907
1000
34
890
674
166
316
376
711
304
843
2
585
389
931
977
548
417
885
396
89
598
283
981
644
616
232
577
832
140
882
893
923
114
347
143
588
367
612
557
849
968
272
957
154
576
281
345
631
917
661
522
33
896
682
506
608
141
275
732
766
153
792
662
57
838
605
487
129
899
816
235
127
258
569
465
959
636
392
945
965
293
882
332
786
335
646
216
722
301
34
851
202
822
778
608
595
384
777
794
692
572
698
548
992
641
250
61
115
544
660
391
468
527
305
506
953
416
104
595
889
682
519
312
949
443
608
424
383
110
54
462
817
968
629
655
450
52
791
642
480
542
970
889
39
68
697
391
677
112
844
197
489
747
41
661
306
914
655
263
315
156
459
87
657
534
153
607
507
140
478
229
935
578
348
6
108
394
773
298
998
850
17
803
433
957
413
544
579
954
995
607
76
690
882
143
672
238
379
100
473
107
957
175
71
851
532
395
194
351
517
387
216
734
12
76
931
282
196
614
247
676
207
657
216
647
171
945
395
618
557
995
180
705
567
557
972
28
318
553
417
686
759
14
728
819
795
952
491
360
665
490
766
539
362
652
482
194
412
268
58
131
545
333
945
911
883
204
395
492
17
592
922
260
89
278
930
975
834
664
146
497
983
972
96
608
993
954
400
732
968
376
867
979
323
182
21
138
400
116
773
881
157
967
321
616
267
200
327
65
619
145
708
960
406
344
621
798
729
102
950
416
796
903
743
589
406
972
111
166
425
813
339
609
834
525
701
117
912
956
144
214
260
163
333
6
276
441
712
686
151
946
2
159
742
343
454
333
739
498
41
864
411
21
807
351
873
150
752
941
691
887
103
999
911
255
440
645
872
672
111
377
370
301
996
415
176
319
271
920
804
179
576
147
883
254
153
89
839
448
120
687
508
605
762
285
398
302
974
644
990
117
205
348
552
913
813
595
247
727
154
575
235
403
206
166
757
499
10
350
88
53
197
601
771
422
764
288
76
219
758
203
319
959
155
66
870
643
205
428
76
861
830
909
171
358
427
616
471
954
2
647
980
890
778
604
899
482
282
842
815
494
742
334
399
793
437
174
451
541
116
821
479
188
14
777
445
982
11
83
72
436
942
413
794
883
191
144
518
603
674
930
335
969
917
985
901
22
119
53
184
59
26
559
333
972
311
108
646
677
269
754
498
304
801
92
805
329
794
378
116
873
733
233
25
449
32
947
728
693
469
859
544
51
735
387
51
814
367
274
748
553
997
698
10
473
659
646
495
258
800
79
253
529
168
724
721
252
344
735
591
901
77
786
327
858
1000
18
877
192
774
527
529
435
324
517
684
312
594
335
758
27
995
950
945
255
829
533
491
393
141
522
619
901
471
475
865
810
677
389
348
587
487
432
146
795
242
391
410
714
854
729
889
823
646
549
714
536
875
331
827
856
584
771
544
9
504
137
83
39
307
509
548
802
835
363
135
885
408
981
824
75
963
44
954
659
970
170
806
64
703
3
993
973
683
747
462
673
359
210
353
608
194
349
865
799
194
969
664
641
273
37
31
864
897
828
625
775
983
761
244
835
903
849
217
494
118
464
53
798
23
258
589
625
874
88
148
936
670
456
578
581
876
433
464
760
718
129
386
370
143
245
279
519
369
383
99
956
46
85
484
682
163
924
559
169
99
981
884
213
622
469
405
20
157
220
303
187
452
746
863
60
243
609
416
983
906
226
438
84
130
291
52
691
867
403
246
700
461
871
718
951
188
328
433
136
669
510
643
634
653
386
697
600
453
169
210
96
865
657
632
937
395
699
355
196
588
474
134
952
911
830
230
17
539
833
318
972
398
219
894
922
489
155
976
644
343
156
570
151
387
351
425
56
17
436
322
273
503
306
130
611
108
252
432
280
218
164
834
828
138
994
490
702
791
133
686
499
883
895
497
421
478
135
609
979
730
192
212
751
384
230
634
37
643
383
624
882
722
83
49
530
175
773
741
576
861
868
797
269
948
534
575
337
231
648
119
537
241
608
333
200
968
294
669
496
336
202
629
379
678
250
325
555
952
940
472
529
536
941
170
407
923
17
682
317
712
125
942
694
574
94
238
492
61
304
279
908
454
835
702
245
683
144
487
835
821
641
422
581
186
730
984
232
324
368
725
99
639
563
401
819
502
381
671
855
70
901
448
806
688
194
149
488
998
943
856
988
83
253
367
713
49
922
407
217
206
182
293
676
77
75
675
959
546
72
504
825
176
578
115
911
219
179
931
87
733
801
71
319
371
207
448
837
769
675
155
769
504
989
257
827
399
155
870
76
230
190
496
952
899
218
844
409
351
605
843
880
928
65
595
879
719
455
346
509
30
301
553
616
465
567
407
35
439
686
788
766
427
254
119
115
222
714
11
294
17
713
883
431
857
81
61
588
538
693
586
409
49
900
356
556
229
246
794
687
185
626
515
39
492
776
535
618
360
720
165
496
756
547
494
39
456
134
677
425
462
802
298
728
223
377
2
832
27
925
672
726
72
941
71
769
788
812
26
649
562
414
246
67
291
6
899
376
129
639
752
487
191
580
294
978
797
779
142
880
926
344
737
622
829
882
577
844
18
540
746
198
659
565
611
635
419
421
930
629
20
515
948
494
532
515
747
38
279
114
807
944
438
736
659
602
775
255
617
268
78
492
840
226
159
420
190
87
61
571
178
64
413
9
538
689
796
677
249
746
986
215
261
561
253
216
348
268
299
470
261
6
421
260
166
231
670
622
120
227
164
857
218
33
327
212
194
799
419
745
223
413
112
393
442
653
648
293
347
570
182
816
449
262
387
73
244
236
590
697
92
473
790
384
625
742
841
391
823
348
843
383
601
427
789
901
294
620
820
550
30
568
669
75
673
862
615
982
452
830
561
186
960
367
668
387
648
46
389
188
986
904
713
487
444
668
673
696
322
52
503
632
987
927
697
573
777
747
205
472
929
342
231
997
510
181
138
231
228
864
615
61
56
825
593
402
510
490
851
360
723
942
517
126
944
928
433
600
541
555
872
936
308
171
320
40
104
556
386
72
558
846
359
865
317
137
951
117
736
876
982
92
86
420
579
572
176
297
796
908
527
788
942
326
665
552
122
631
467
980
782
17
658
353
476
854
74
865
549
857
219
273
77
126
475
230
352
834
498
310
240
665
446
672
971
506
753
71
443
884
159
554
845
468
178
267
32
349
26
972
107
470
532
828
738
775
854
120
359
122
897
745
259
61
530
585
170
985
73
393
93
185
878
513
268
441
806
414
507
429
624
827
298
360
211
71
841
815
509
701
188
76
911
934
347
245
938
933
63
210
671
64
243
318
106
587
483
844
475
922
66
869
558
728
878
604
165
620
316
686
812
854
792
475
496
71
669
261
612
962
392
529
592
128
622
70
90
482
410
614
730
949
189
734
649
942
683
407
564
699
827
236
933
287
90
125
671
720
396
858
324
259
814
956
736
12
217
720
584
879
694
751
144
593
315
496
532
437
168
29
620
51
123
229
491
844
32
896
129
271
552
385
839
770
894
34
613
359
294
152
390
225
451
186
571
296
86
139
438
323
440
31
232
438
888
318
255
825
547
937
584
49
792
911
171
145
865
19
365
35
51
492
709
304
232
222
142
508
549
158
807
56
524
232
121
21
710
763
712
994
585
310
497
138
751
907
656
736
844
831
372
116
627
382
586
604
856
666
869
169
279
121
143
749
92
274
552
229
86
43
946
447
268
423
598
556
850
98
883
838
780
371
527
480
462
540
609
133
212
520
768
935
769
643
287
147
63
932
315
406
521
293
803
183
403
212
598
612
322
990
683
101
131
513
906
108
737
966
136
541
496
831
982
87
736
156
156
818
984
638
502
786
61
757
763
738
396
190
794
221
812
368
592
233
67
425
803
730
969
76
774
441
932
999
735
865
371
82
379
149
567
520
256
479
979
329
86
881
74
540
849
314
284
967
230
859
409
731
115
797
338
215
889
683
788
922
195
33
144
370
31
934
116
718
893
588
769
161
953
561
576
743
982
977
490
208
861
786
751
385
738
708
525
832
315
493
676
854
602
866
19
287
3
707
611
424
558
36
533
640
193
735
349
692
964
798
148
531
622
754
446
995
883
689
59
491
749
913
656
800
283
607
395
96
13
339
885
269
945
303
991
11
643
839
367
206
905
283
623
425
408
132
465
187
742
320
368
952
111
901
23
388
530
969
924
294
618
249
699
867
446
63
144
24
409
282
484
502
564
911
503
797
930
715
595
834
281
503
105
364
847
545
690
335
334
43
765
868
569
162
95
393
587
474
521
83
496
672
151
171
977
922
946
655
785
668
458
946
154
2
632
609
770
378
258
562
13
802
29
338
364
222
133
40
627
410
820
600
137
121
965
839
716
11
649
227
311
479
309
872
252
802
866
735
787
164
535
735
344
945
696
275
684
935
239
100
304
27
706
27
699
453
732
278
999
386
102
399
625
263
634
285
776
85
546
134
324
196
457
370
956
446
427
832
150
281
208
552
472
925
648
34
277
328
98
252
232
509
546
366
540
292
449
885
822
755
206
786
154
934
839
787
205
596
251
570
104
614
513
199
424
751
414
127
697
890
108
967
710
643
630
437
630
483
503
583
198
956
637
949
948
292
93
433
132
732
774
39
13
545
977
510
626
200
27
902
555
417
434
83
485
755
659
465
643
734
749
786
461
27
588
124
697
963
947
651
904
401
386
186
40
856
892
404
833
82
57
354
75
154
931
814
979
741
954
40
160
697
478
267
855
848
643
98
651
361
932
998
379
18
322
927
521
719
436
701
555
286
822
417
849
870
29
913
924
448
228
164
425
966
429
278
286
940
698
261
489
745
322
623
262
796
179
980
527
965
754
444
31
684
390
461
569
239
31
644
516
827
713
41
501
873
121
534
118
148
294
185
943
356
839
221
610
785
490
85
680
336
26
114
507
452
338
967
967
251
76
190
492
449
883
273
281
31
34
864
147
492
511
122
793
687
889
260
781
740
403
891
613
591
295
684
575
401
109
982
585
987
621
268
336
786
808
560
858
243
145
113
302
492
451
590
879
112
386
974
107
922
672
157
600
972
667
652
503
365
96
790
843
998
321
180
996
382
961
975
539
817
558
447
671
307
587
398
701
74
120
258
633
474
980
589
989
782
626
144
733
782
58
491
839
698
506
545
654
675
595
788
677
976
273
689
187
7
948
562
824
109
477
26
785
491
577
623
990
127
630
763
223
854
599
420
1000
648
545
743
293
671
444
651
416
458
916
539
879
202
532
376
158
899
466
634
383
782
267
603
658
416
814
302
714
598
733
871
10
479
512
652
310
209
285
654
594
510
696
5
313
44
739
795
949
114
918
81
501
981
708
889
325
35
832
70
133
419
488
18
189
908
2
880
270
91
794
994
432
154
100
864
571
648
16
901
380
899
621
988
799
802
264
254
767
932
521
490
603
896
409
392
177
833
669
901
11
951
7
764
20
49
63
701
887
567
967
548
430
520
507
383
358
892
828
656
17
484
726
746
986
410
192
94
674
720
873
227
787
383
410
481
380
38
204
862
932
801
864
114
396
768
223
693
890
203
694
983
394
586
137
454
710
579
169
325
182
738
165
413
991
707
287
836
403
284
668
449
464
870
603
998
184
708
893
459
646
84
459
314
245
183
137
878
45
239
40
164
740
396
738
76
757
113
550
238
213
568
855
978
288
638
717
214
408
480
759
384
779
181
190
594
890
781
472
5
301
230
210
907
594
256
358
21
201
157
330
640
644
783
288
794
678
736
208
13
238
133
599
184
259
679
694
242
174
192
309
592
315
313
331
920
351
208
752
84
692
398
893
670
212
451
471
391
427
603
529
674
191
888
929
468
989
769
607
320
337
208
967
152
629
276
579
294
456
960
286
887
529
403
211
546
592
331
270
109
995
448
192
390
902
408
215
642
783
992
925
576
437
206
679
740
279
336
424
420
997
779
80
272
450
267
945
923
364
789
182
479
474
961
755
749
559
273
827
216
669
620
246
275
277
272
665
165
991
35
165
381
492
76
849
972
171
97
815
353
451
221
215
910
226
952
830
368
928
327
891
522
373
945
540
310
267
691
696
95
858
947
661
223
787
771
100
689
639
184
905
592
668
53
89
407
84
818
4
69
447
539
931
774
688
852
523
597
604
35
848
377
572
988
939
732
755
87
214
4
164
913
355
766
612
784
514
495
920
518
469
398
688
143
709
962
851
880
882
265
321
362
48
41
749
332
213
109
113
593
712
596
719
340
839
3
546
38
88
252
595
854
558
614
265
958
765
137
587
176
980
76
877
558
706
328
742
653
469
297
738
432
265
296
114
633
304
933
720
244
998
617
30
299
48
443
800
505
298
732
36
104
255
581
941
234
956
561
904
124
756
988
378
811
203
516
447
649
912
984
974
173
315
590
74
459
332
528
541
48
806
853
464
762
857
239
981
701
566
614
141
339
403
2
177
701
500
430
283
834
617
486
115
661
671
143
417
976
991
736
685
154
893
432
179
450
963
366
510
913
831
298
158
473
675
617
435
686
40
937
799
367
203
712
161
735
661
29
312
947
580
315
36
55
35
463
521
824
960
936
589
16
357
943
793
13
333
258
98
672
523
78
318
6
274
434
469
284
934
118
915
158
240
73
605
406
176
977
23
48
858
94
865
362
216
444
9
487
583
501
166
256
698
332
75
991
112
208
294
752
528
885
393
686
50
472
376
59
791
461
204
64
154
821
124
118
975
715
981
158
750
858
436
814
847
733
600
676
346
941
401
69
784
552
700
858
707
54
314
123
186
272
813
65
884
815
969
268
532
260
992
517
502
541
301
66
49
566
75
26
477
689
312
638
453
645
585
162
291
26
56
482
350
760
310
325
907
931
69
847
853
961
936
374
442
526
367
590
743
5
101
128
213
759
282
723
100
468
254
151
921
497
203
867
372
981
905
669
755
390
288
847
826
761
585
131
414
596
322
21
457
937
678
871
86
415
546
477
742
522
249
526
304
739
940
811
11
323
751
449
263
757
196
660
327
291
531
74
621
155
211
273
463
776
320
89
976
980
225
573
767
608
78
305
974
724
561
793
298
171
410
857
295
528
443
365
178
614
294
173
751
907
953
516
676
773
836
279
583
83
813
968
434
343
178
551
703
136
393
742
108
668
974
983
162
28
118
196
146
978
767
771
771
653
957
199
125
268
256
139
718
162
273
970
991
720
472
674
223
755
615
977
461
975
816
795
623
982
348
524
370
231
924
517
742
17
357
942
750
513
29
69
969
1000
809
465
765
355
948
309
47
386
601
288
570
21
886
412
732
296
744
160
886
548
154
468
772
747
43
311
274
102
314
746
304
323
628
635
663
403
332
280
671
378
136
423
703
123
64
754
865
924
269
551
583
178
289
165
507
269
672
57
759
985
547
333
412
609
919
735
717
405
63
50
175
780
925
429
854
460
129
185
263
712
478
965
263
164
337
164
671
199
553
807
840
346
557
37
863
256
455
497
176
694
620
502
592
49
39
244
780
684
293
86
700
169
686
623
805
764
552
376
626
509
484
318
427
498
922
47
936
692
91
563
362
20
357
583
658
959
396
819
408
124
496
548
882
151
355
306
523
694
305
373
708
737
509
174
831
250
872
298
802
101
302
518
396
582
18
91
694
484
264
788
2
191
814
560
516
821
199
431
883
264
503
720
787
190
65
542
131
887
510
398
407
715
301
356
871
201
634
710
960
379
845
333
674
134
948
115
648
447
785
505
16
586
182
523
601
281
347
290
209
111
954
516
973
92
989
841
400
878
766
386
243
387
122
734
324
902
961
693
542
215
6
971
252
664
708
142
169
222
589
878
952
226
233
9
267
136
183
613
934
139
738
647
999
644
109
624
919
453
65
767
454
949
917
363
124
520
783
691
219
163
95
57
280
528
86
193
867
160
374
948
486
608
858
222
189
232
590
960
789
286
395
880
502
798
560
463
555
271
127
293
880
926
713
362
254
525
437
283
416
717
105
446
101
709
747
569
851
33
462
599
574
13
949
279
890
141
191
460
778
46
309
93
311
684
212
192
142
840
445
924
406
215
132
253
386
619
968
675
441
330
222
773
672
117
145
401
230
178
189
576
501
510
705
503
235
467
239
651
714
62
48
413
729
206
251
282
260
735
400
63
357
151
330
912
521
861
890
248
613
766
211
720
331
826
831
597
808
288
804
262
305
826
396
656
943
386
217
956
181
607
379
396
642
470
127
436
908
464
309
894
670
335
762
491
484
957
770
953
788
537
113
996
584
324
794
932
304
820
858
835
772
691
997
296
917
429
24
747
492
492
67
230
813
606
102
475
822
26
408
462
33
169
721
881
708
641
177
928
734
782
933
298
598
796
959
542
829
419
667
841
953
212
253
105
286
809
951
454
944
461
578
378
110
934
455
100
447
573
856
382
704
113
230
122
538
315
770
352
236
461
765
86
986
560
749
62
328
699
725
902
390
793
66
991
575
749
624
505
8
573
244
227
297
629
598
598
854
547
533
609
903
204
343
56
342
884
612
900
454
357
251
161
275
354
715
483
719
264
400
658
656
868
112
354
490
564
904
562
933
219
156
31
931
995
126
150
333
87
626
921
715
926
394
951
455
402
186
296
139
900
156
787
208
478
605
667
813
373
503
701
746
341
209
145
461
640
165
928
209
822
60
569
195
783
251
751
949
140
988
122
751
148
644
253
589
622
203
970
138
572
214
669
637
294
98
669
233
160
493
478
738
30
454
585
584
581
44
607
275
614
813
40
993
892
674
792
453
184
863
453
928
507
140
584
465
396
163
553
993
753
18
483
681
451
962
838
477
354
197
897
313
837
410
657
371
781
23
155
787
257
881
575
920
948
797
684
240
158
804
342
302
293
152
115
950
759
282
848
419
248
622
910
433
488
51
75
553
209
821
11
119
463
603
393
679
635
395
387
828
69
498
42
426
100
108
754
972
349
121
3
387
534
110
307
51
534
547
222
596
357
67
981
912
447
354
475
535
239
653
635
763
140
844
112
602
100
522
605
527
538
741
77
581
916
982
487
898
83
16
413
345
847
636
78
300
27
37
490
248
186
815
608
267
499
910
166
102
382
375
109
1
763
468
639
229
331
355
453
538
571
228
561
813
859
707
809
354
981
992
492
517
743
611
120
906
783
48
276
925
346
796
127
351
210
635
896
447
370
359
3
158
138
863
728
594
946
117
457
23
765
670
311
510
469
51
342
279
210
186
596
535
968
934
622
603
169
368
592
174
93
839
245
772
808
428
591
998
630
493
872
121
531
893
20
667
958
140
303
574
533
813
376
156
294
991
954
333
94
366
531
226
781
792
242
638
466
803
497
959
334
747
947
342
330
275
611
747
229
919
908
305
42
946
904
656
503
662
594
312
896
480
714
947
894
142
309
865
683
400
81
282
535
155
198
617
771
156
954
83
920
271
363
14
657
145
812
582
78
542
941
251
372
742
277
550
236
195
176
958
814
9
534
977
356
238
830
441
502
418
343
511
968
873
77
252
346
842
820
883
215
540
709
761
844
643
233
734
88
746
637
692
392
127
424
267
527
495
556
142
871
139
283
719
770
236
34
693
63
632
399
701
744
297
878
836
684
673
936
484
528
48
334
171
9
793
244
921
630
375
174
824
890
917
836
322
859
264
232
220
460
379
943
668
244
278
694
510
719
415
743
175
44
216
982
327
202
740
196
17
290
398
542
679
350
346
480
938
856
712
630
621
12
628
807
256
769
545
650
762
354
303
825
176
836
749
676
454
35
612
924
805
1000
567
779
577
88
966
655
11
389
441
25
99
864
862
259
124
189
683
774
425
842
876
284
345
804
175
567
695
351
797
967
403
272
867
678
98
257
522
77
387
632
507
155
128
71
768
471
34
656
70
231
792
31
994
459
420
543
139
141
468
346
862
822
67
885
977
822
510
155
684
378
163
855
479
572
306
225
365
286
838
345
508
811
184
37
831
586
665
425
392
130
536
904
238
427
58
882
486
376
951
961
654
910
175
60
12
875
67
790
878
73
714
926
697
499
856
946
913
339
660
619
490
755
874
121
808
169
285
167
930
537
873
303
193
304
424
270
788
828
70
618
169
715
262
377
645
230
885
65
841
935
393
50
556
847
743
514
773
984
663
714
330
513
489
846
559
695
201
528
341
484
421
398
492
96
572
392
486
484
612
626
209
851
975
592
759
80
686
119
413
776
734
485
969
420
340
365
306
495
26
708
85
321
910
141
753
110
643
352
995
589
525
350
564
124
609
497
818
559
758
931
771
95
206
461
238
803
701
902
335
484
868
144
225
956
690
164
71
122
67
449
883
504
667
479
837
605
746
32
207
766
328
895
665
658
712
168
458
596
818
587
531
735
174
120
413
522
139
360
387
833
832
145
975
968
558
42
597
673
907
751
884
199
62
84
629
693
545
655
179
380
817
44
226
298
76
811
176
739
135
721
267
26
247
605
116
44
295
223
759
46
421
685
916
233
458
530
896
281
632
578
792
395
408
371
309
774
749
82
469
584
577
786
613
710
507
365
768
92
424
532
887
82
111
7
561
467
783
452
436
721
44
319
840
898
183
579
106
326
125
743
475
662
33
945
375
542
885
444
144
915
457
370
265
887
87
122
130
223
181
871
93
557
538
11
642
719
477
159
720
441
681
353
226
227
28
363
952
339
942
462
885
797
964
38
245
879
596
783
607
50
913
740
649
368
388
483
692
655
543
270
794
679
693
524
881
631
279
377
256
342
172
103
492
476
26
917
474
783
961
134
949
757
704
45
82
614
28
691
869
320
671
758
675
2
473
960
48
781
705
859
843
770
999
301
601
327
159
236
523
208
214
756
726
496
884
891
367
809
59
147
117
214
646
915
440
995
131
805
798
541
53
438
315
124
776
349
743
790
118
456
279
362
660
581
467
420
561
40
67
786
803
958
405
426
564
98
232
27
51
417
881
372
79
302
206
287
533
512
477
866
308
661
505
891
720
143
707
968
797
386
599
290
841
913
256
310
707
656
823
506
50
45
671
140
113
365
519
434
856
299
531
742
362
866
22
411
953
373
992
295
266
957
406
621
735
671
367
372
206
356
693
43
528
193
269
973
242
565
879
445
782
326
73
336
646
23
308
677
437
609
887
723
205
928
390
618
841
40
497
473
842
379
180
645
797
982
569
646
208
720
979
541
258
652
619
379
308
62
631
549
185
769
210
514
703
301
403
13
37
130
585
667
273
933
655
284
839
403
996
143
339
371
116
431
791
861
901
501
429
679
343
317
834
685
128
256
489
788
484
300
472
513
134
850
537
982
455
331
488
360
904
228
939
271
36
557
280
127
504
616
994
285
315
415
366
939
76
349
324
957
16
92
422
319
441
835
201
402
719
224
911
64
160
55
187
716
789
889
952
519
251
84
517
765
278
307
931
905
929
82
894
571
999
24
828
576
923
982
79
404
855
356
667
581
859
929
979
17
56
760
28
781
830
928
19
348
72
992
107
608
403
600
707
203
334
674
715
758
284
208
669
985
489
504
955
425
229
486
900
854
178
583
940
651
236
168
987
167
496
964
707
573
575
871
152
151
211
544
689
68
833
639
931
269
492
12
26
427
374
120
61
271
220
94
300
127
894
927
209
229
110
293
568
1000
629
333
790
837
596
279
639
816
372
540
123
552
180
279
648
713
659
403
823
314
119
140
85
310
104
228
594
252
147
706
81
839
746
293
209
674
823
306
859
585
593
267
873
999
448
516
811
64
438
92
207
226
250
992
336
891
565
475
33
337
809
473
797
857
629
631
14
182
929
72
589
416
420
494
601
284
892
931
486
578
985
385
499
977
632
970
991
680
803
206
546
81
257
352
472
731
436
384
629
324
783
935
106
987
813
560
914
118
199
910
212
551
26
243
624
485
424
529
856
938
214
272
451
696
965
417
567
710
361
310
955
919
716
635
300
265
337
865
37
719
985
85
546
375
544
628
748
408
570
267
504
264
685
941
361
883
775
379
68
306
649
74
381
53
584
509
377
991
524
163
777
899
730
636
455
333
340
557
259
161
207
287
545
705
766
842
744
657
574
105
382
742
566
278
186
579
873
26
404
145
47
822
390
173
551
536
912
460
345
738
849
780
773
184
534
65
648
758
875
892
756
254
851
685
525
732
858
230
294
927
378
72
917
411
173
930
367
349
628
42
318
841
784
432
771
303
550
401
755
553
965
55
952
541
49
421
695
366
548
59
206
380
443
334
785
392
318
875
279
426
15
53
733
243
102
661
595
172
645
779
178
704
938
28
637
761
750
238
942
935
941
134
101
383
860
388
244
702
296
588
134
111
251
896
586
503
554
529
602
465
432
680
156
659
471
860
300
126
223
888
608
583
465
874
546
754
432
747
96
16
769
670
187
503
128
420
857
366
295
19
961
354
939
575
363
564
431
141
700
230
380
630
633
663
531
459
810
751
812
551
730
268
409
827
488
360
204
139
342
859
687
120
876
577
913
802
435
404
701
490
575
905
563
673
999
216
336
617
932
730
230
978
718
17
701
358
791
690
742
548
587
152
534
501
855
13
562
774
798
989
394
486
746
285
1000
416
874
518
186
974
49
13
480
655
220
175
904
506
819
672
63
573
555
237
813
475
373
683
356
821
536
826
408
349
330
619
28
562
37
926
834
241
830
755
199
15
922
173
526
268
294
955
552
519
870
522
429
163
796
118
568
950
709
633
724
756
177
560
31
25
88
130
167
291
182
257
850
2
347
671
801
224
621
76
338
104
381
801
630
43
753
748
634
915
508
480
94
729
188
483
811
333
976
738
998
524
640
784
254
216
715
433
921
934
500
476
733
535
992
780
836
726
256
194
532
15
229
30
851
310
927
608
816
832
1000
139
79
355
284
946
137
556
883
7
584
496
955
125
915
758
220
468
477
906
198
449
4
904
895
94
550
160
509
618
537
900
526
666
302
787
257
43
492
99
917
413
803
654
552
853
651
557
890
270
719
795
27
898
269
792
181
492
319
643
84
789
400
748
153
185
864
641
566
633
404
180
642
581
521
655
809
36
254
335
475
516
921
109
434
407
792
744
766
987
256
489
122
610
861
402
67
607
825
847
653
585
486
648
11
496
839
853
110
905
717
543
728
706
243
907
299
378
298
207
927
998
489
922
208
528
927
306
633
344
936
720
786
135
812
916
815
431
472
962
300
901
21
935
338
390
125
522
641
267
600
343
597
92
168
656
260
36
919
177
439
636
983
558
734
75
175
358
606
696
395
120
828
706
500
850
191
511
978
344
834
685
765
566
274
887
540
610
254
836
812
917
120
608
981
244
423
565
764
786
507
596
830
750
751
354
516
415
353
396
481
975
57
152
741
734
379
681
417
712
244
985
689
904
329
462
185
9
159
530
475
1
502
123
474
594
394
818
877
80
687
511
886
426
34
879
941
821
285
895
82
453
759
975
800
195
4
57
775
728
804
542
104
916
597
273
916
506
726
510
898
985
628
901
498
11
425
197
776
453
298
54
281
961
200
122
583
12
758
660
278
192
253
602
748
805
916
182
793
621
268
983
598
565
330
962
641
322
591
805
720
288
196
802
231
515
824
337
483
605
816
122
418
400
117
841
327
656
520
54
847
479
93
776
488
734
819
942
686
493
29
439
770
769
166
18
474
468
531
492
867
784
733
198
409
292
392
451
134
803
464
976
285
467
714
936
549
72
689
592
707
893
23
577
227
383
700
314
836
861
698
372
426
318
390
312
323
1000
244
399
271
971
926
930
731
193
497
643
573
24
71
706
851
31
107
499
306
74
667
180
253
174
197
604
864
955
146
138
905
835
481
561
420
938
356
839
857
681
57
723
735
154
952
892
792
431
175
969
368
653
311
131
828
822
231
599
62
662
332
406
146
427
187
950
284
893
775
267
983
555
95
439
343
843
264
819
426
698
874
984
414
288
723
762
438
930
507
328
796
83
59
38
831
899
517
193
951
401
389
888
502
473
409
333
799
759
138
170
760
56
816
170
931
878
333
137
433
872
531
216
512
999
253
372
962
119
998
633
570
164
946
939
212
75
851
376
178
736
592
943
859
633
835
927
785
893
479
882
170
58
690
849
21
437
28
912
237
910
44
176
332
610
475
102
310
311
649
59
547
879
522
316
369
656
290
280
636
679
689
680
464
818
402
436
811
661
77
807
811
888
192
81
150
307
226
201
9
263
140
814
309
34
66
975
881
50
24
131
273
680
571
657
554
626
377
798
149
152
719
254
963
6
558
815
984
801
320
387
4
753
629
103
562
723
355
831
660
42
854
585
980
845
41
580
207
932
334
995
574
271
198
620
397
719
559
516
533
470
84
313
416
60
551
907
969
205
499
106
104
579
67
207
499
651
850
987
736
579
354
181
115
804
576
107
959
448
240
244
546
440
721
951
59
351
84
489
89
515
503
771
35
300
705
410
841
226
285
882
451
384
435
524
204
830
38
353
19
991
836
786
92
995
422
82
836
341
346
296
604
671
267
133
714
325
213
979
946
562
801
495
429
719
728
822
980
152
813
354
809
869
974
768
580
144
824
500
692
476
461
774
331
793
738
43
212
433
342
202
27
83
844
951
702
174
472
403
759
507
677
141
72
662
552
841
1000
641
459
486
387
593
16
679
489
369
543
712
845
714
775
599
69
302
301
24
426
784
8
203
265
514
418
997
880
369
284
277
418
746
281
689
881
409
51
441
842
666
245
525
61
959
73
890
339
254
519
273
146
488
723
979
619
324
804
488
649
10
998
622
743
749
413
468
588
516
519
81
537
162
512
124
953
283
475
197
808
130
516
869
882
608
869
41
814
972
171
321
938
786
271
696
309
587
521
44
769
810
43
355
260
280
380
277
720
34
142
446
925
76
836
75
233
769
644
40
103
529
163
222
287
977
461
702
485
561
42
198
59
877
449
223
486
421
435
760
725
466
293
581
102
5
215
894
533
687
966
806
687
761
859
128
917
241
5
757
541
929
857
732
117
412
771
88
799
448
218
323
531
91
535
849
35
280
605
404
557
800
53
389
338
240
381
216
323
356
926
481
927
18
949
443
496
577
644
523
632
30
168
259
688
703
350
556
611
544
740
574
49
626
42
109
383
124
511
185
490
291
289
268
228
345
753
615
886
821
71
89
640
479
593
397
437
384
609
542
237
179
355
90
861
937
379
332
700
566
986
423
462
645
724
752
572
141
278
508
283
29
457
516
71
85
88
474
507
110
649
228
920
128
851
876
238
653
204
288
638
536
153
486
519
316
327
574
749
621
354
975
563
128
560
105
24
99
690
39
285
809
318
905
215
68
579
674
600
512
662
182
327
230
918
516
104
612
505
484
971
362
24
562
691
787
343
910
986
901
676
72
52
601
757
599
751
943
469
203
407
434
458
987
868
906
289
313
977
310
735
454
362
905
918
863
177
563
264
276
331
143
736
286
142
660
611
269
404
357
19
143
606
536
220
629
46
800
855
82
168
789
475
4
95
288
602
163
554
397
110
715
688
824
310
972
146
448
354
232
953
900
843
111
691
271
397
542
536
983
94
37
432
24
113
410
102
613
13
142
329
31
793
844
715
193
824
137
923
597
44
258
948
111
63
325
761
367
340
907
17
429
504
760
301
452
604
214
689
385
273
626
838
888
521
711
614
178
144
361
439
660
107
25
698
539
301
735
978
5
482
462
13
898
685
249
760
251
558
184
202
894
689
178
517
529
749
20
302
470
132
692
408
608
787
236
293
597
24
841
747
765
616
854
507
434
851
179
613
262
966
260
930
948
510
63
830
627
401
103
329
488
802
698
734
513
531
272
729
590
166
544
758
446
493
771
218
136
959
624
403
133
581
935
187
315
375
328
259
556
399
846
582
396
823
387
781
864
965
732
1
589
645
568
950
704
336
101
768
839
419
565
186
848
200
734
312
181
260
111
160
542
699
778
626
94
405
513
973
329
211
293
404
480
646
253
795
819
529
346
142
3
543
329
593
376
275
425
689
272
280
331
655
780
348
905
453
369
636
40
56
345
581
59
673
472
335
724
133
976
24
172
411
741
599
82
146
127
890
385
423
48
444
295
489
694
871
621
321
249
278
677
897
218
94
958
778
84
474
396
727
279
847
931
777
709
352
777
940
191
738
880
843
647
570
972
252
270
757
208
25
272
590
634
733
961
652
708
334
576
367
894
71
724
560
467
20
383
425
764
725
745
538
293
593
67
368
967
228
969
504
257
245
484
583
96
55
590
567
132
773
137
715
885
791
476
622
209
771
715
903
958
429
451
269
375
826
367
404
719
773
693
279
893
215
384
829
167
856
2
446
749
464
719
253
790
358
369
664
833
465
361
528
304
867
636
389
417
131
614
884
73
667
250
573
501
530
380
397
612
30
264
379
529
786
847
790
8
560
104
385
792
832
224
144
275
963
711
801
975
952
759
181
457
790
119
222
198
705
143
183
749
269
103
238
66
921
890
395
508
321
255
751
451
985
923
724
529
407
791
365
954
530
200
74
953
430
253
572
679
457
329
514
399
915
402
172
593
283
323
796
88
662
993
105
643
739
720
157
508
588
524
287
833
287
899
596
398
188
944
209
356
598
431
464
867
188
710
693
332
560
473
271
284
412
696
811
27
485
920
410
982
141
539
419
40
948
274
175
997
88
916
939
199
161
778
89
140
910
62
758
23
346
51
19
395
993
551
904
931
616
103
361
579
468
832
59
393
677
19
496
828
919
435
272
33
807
248
945
973
583
908
842
388
845
294
405
812
288
800
384
256
90
602
712
431
769
21
72
990
949
717
986
592
422
637
51
826
676
373
759
311
371
612
947
544
497
860
844
53
29
18
200
250
560
249
933
362
870
187
907
615
192
743
835
665
885
615
383
870
28
821
731
719
86
157
680
804
776
663
657
283
194
713
63
532
445
460
849
279
814
78
536
928
297
468
861
377
20
818
630
922
272
492
864
817
566
251
285
363
546
255
55
231
958
763
683
521
543
243
112
52
473
714
846
326
613
449
960
81
437
948
606
513
97
953
346
204
353
970
294
838
990
513
176
11
325
933
9
992
342
232
194
198
782
119
859
225
422
719
999
953
411
375
750
677
768
813
704
124
666
393
559
287
794
658
556
863
970
496
466
815
240
377
768
373
799
429
802
580
791
397
979
456
808
814
862
954
652
499
292
263
260
927
579
557
938
787
558
593
459
327
471
814
397
878
204
547
27
742
77
281
340
893
648
223
917
414
219
335
256
342
577
347
937
526
600
892
240
167
757
60
527
699
678
341
164
999
268
711
825
953
423
244
119
594
572
72
723
842
177
79
229
431
66
506
628
992
285
532
186
604
510
406
994
841
13
664
755
6
956
446
181
151
224
345
830
635
520
899
935
402
178
406
183
339
597
432
542
316
655
906
498
456
284
472
464
443
688
329
875
449
397
112
357
421
292
115
170
895
457
263
962
591
314
708
439
851
937
479
794
500
813
651
733
106
543
106
998
238
690
935
866
98
452
342
921
512
423
345
691
390
257
267
238
27
8
933
349
157
663
1000
279
144
614
871
244
677
784
296
377
246
621
996
318
848
816
217
771
444
829
603
423
748
986
673
76
747
841
241
759
498
282
959
225
823
726
540
190
258
247
882
842
394
899
199
807
415
523
994
943
897
772
244
868
397
839
276
819
682
123
368
296
639
494
503
653
618
13
787
682
897
595
695
297
730
11
353
97
991
989
892
957
359
295
962
433
734
738
399
557
632
312
242
329
231
439
58
302
655
686
573
243
67
817
530
221
430
29
198
919
565
307
608
150
526
780
756
934
746
243
41
541
659
652
597
954
111
874
807
199
922
325
710
409
754
928
943
802
956
917
974
822
825
761
739
655
270
775
344
862
906
404
936
473
511
705
5
105
254
104
132
831
119
211
119
96
101
637
836
491
926
867
472
736
601
136
720
787
960
460
916
364
737
167
517
66
216
299
455
326
162
459
856
645
1
646
331
164
495
451
582
135
282
110
110
827
713
395
885
515
104
322
417
848
135
782
84
628
599
574
918
386
589
609
329
713
450
771
53
733
288
285
258
332
350
212
82
633
661
594
603
977
560
486
632
380
385
951
896
888
631
845
318
816
683
326
828
468
837
640
171
458
257
501
359
400
625
694
664
839
882
778
436
1
983
960
1000
497
200
915
283
298
426
91
703
519
824
487
112
593
891
151
580
978
759
858
548
829
857
960
382
98
545
84
956
317
284
636
197
680
503
320
548
647
999
766
200
973
244
25
571
278
720
103
199
549
22
919
179
885
451
586
893
98
407
505
11
65
75
986
75
140
915
871
634
852
394
358
740
717
817
187
912
979
139
75
723
16
869
191
358
467
725
605
972
522
224
917
722
819
368
956
500
48
738
135
425
196
340
922
309
359
696
659
391
718
57
926
233
594
403
12
615
195
698
450
237
709
914
868
642
499
681
619
692
473
90
580
463
843
372
70
421
606
930
116
789
168
881
474
90
65
70
766
346
57
395
271
847
774
654
769
73
827
917
928
354
767
390
373
340
511
231
691
789
638
518
474
246
657
992
412
375
236
743
153
696
832
631
980
370
143
142
277
357
468
656
786
352
487
34
780
371
858
787
108
68
424
686
403
614
871
568
184
902
86
836
715
248
159
969
103
784
390
701
914
204
493
398
886
360
726
288
568
163
66
630
913
336
450
151
372
181
434
571
899
796
717
969
336
815
314
454
981
505
618
916
985
95
962
86
374
729
280
781
553
136
823
4
195
286
207
71
641
532
833
211
986
301
262
275
481
988
14
305
636
987
138
767
954
550
599
847
484
304
692
123
847
840
550
42
182
468
616
119
508
643
635
766
426
443
651
452
74
749
678
899
595
820
144
685
1
279
420
484
675
541
81
957
661
233
508
388
455
164
368
119
862
943
883
512
891
457
7
252
687
773
592
431
384
1000
951
127
389
833
900
200
884
525
200
810
504
327
380
600
867
1
675
315
601
519
274
957
408
142
366
762
325
853
549
715
832
391
261
952
731
379
166
60
834
468
711
347
422
318
616
297
360
954
872
204
934
701
191
173
308
592
276
568
470
852
47
448
404
798
83
321
219
911
146
658
18
379
583
741
729
732
131
347
324
50
65
754
142
4
609
974
314
336
510
444
673
937
610
695
984
449
996
283
723
763
483
568
266
118
17
830
904
719
461
195
964
370
886
23
959
184
19
659
852
980
944
599
519
552
404
718
908
764
188
228
986
62
289
193
347
150
447
937
954
631
422
358
406
753
703
789
119
895
217
246
607
250
960
180
853
313
113
707
600
968
25
337
315
509
992
341
227
936
812
443
890
768
123
191
314
416
973
363
359
888
687
37
331
42
771
843
203
210
923
142
467
238
822
72
2
376
437
31
81
972
666
236
989
322
431
345
86
578
795
508
492
533
468
365
310
540
437
953
893
408
325
195
527
489
436
737
797
840
662
801
49
559
140
159
835
690
288
302
271
626
996
228
679
879
939
451
194
917
69
372
827
301
98
67
966
558
648
8
736
897
253
637
120
782
743
450
447
276
126
379
798
552
442
589
389
200
480
999
709
766
790
535
972
359
630
302
941
235
750
221
716
94
155
212
188
563
848
635
37
918
282
810
652
422
96
835
367
546
620
720
40
468
939
666
379
883
365
707
557
433
117
817
784
639
400
574
763
544
769
933
950
721
549
707
516
518
954
736
220
647
995
349
861
908
246
869
465
265
959
936
823
630
831
153
138
533
393
140
437
412
875
690
938
848
236
192
101
886
77
434
635
408
225
201
957
216
678
224
91
261
61
621
163
230
334
245
302
524
717
198
379
691
392
268
427
487
435
153
263
861
144
6
470
390
551
22
20
514
108
245
548
307
59
892
434
580
277
393
841
170
282
156
410
906
992
176
344
386
566
517
700
195
478
607
116
842
846
669
714
762
824
896
326
181
809
749
768
170
516
18
956
97
947
707
8
451
536
603
916
88
858
78
897
363
328
404
220
950
830
591
146
888
418
843
206
315
247
264
6
881
999
800
935
191
791
101
788
568
485
626
893
119
420
753
487
603
72
254
687
664
579
815
966
595
938
648
105
570
245
227
908
270
36
401
37
135
812
336
904
856
364
351
565
410
652
45
88
863
665
106
747
823
673
588
929
8
965
794
38
546
351
827
358
262
122
426
860
404
836
866
581
8
472
255
966
83
943
537
245
251
601
678
68
70
333
288
563
320
381
311
297
358
773
524
708
686
807
517
525
338
891
141
89
405
658
639
280
577
