329
582
545
840
146
692
844
627
507
291
451
524
780
916
551
301
724
316
170
715
707
137
1000
356
865
906
370
827
443
386
514
245
798
624
532
836
864
174
738
457
90
6
574
98
786
698
409
929
341
692
948
203
674
8
751
533
476
539
111
300
800
51
117
572
796
831
492
985
885
923
37
744
49
12
299
587
76
345
417
521
666
431
347
92
553
455
908
952
481
961
882
490
82
646
288
25
982
224
268
731
263
17
585
116
625
906
747
363
897
293
819
928
155
678
993
662
804
891
850
626
226
90
131
507
190
173
797
683
972
126
748
789
72
886
889
70
824
798
291
409
999
204
226
900
407
62
551
88
450
372
565
879
75
747
446
144
654
866
578
448
629
128
587
83
583
466
222
573
570
243
718
503
983
177
621
876
730
9
843
299
123
323
172
274
721
935
514
671
202
814
747
118
716
113
622
706
169
790
257
453
113
433
279
157
237
671
211
474
787
271
910
232
282
419
186
754
666
54
98
384
553
694
941
641
26
396
514
153
124
766
55
659
453
542
740
145
229
434
434
713
402
8
322
845
485
970
520
694
243
175
339
79
789
194
357
404
730
631
693
910
35
446
595
319
226
339
115
765
845
352
761
709
256
71
971
168
4
550
602
629
549
930
92
888
649
199
953
467
115
780
948
345
354
346
453
378
253
165
553
964
82
34
633
26
571
268
317
956
776
325
234
937
784
653
365
148
460
613
275
192
77
749
654
878
456
752
407
489
357
979
117
838
420
964
709
364
615
802
346
900
400
60
993
219
627
204
290
680
761
74
519
912
586
861
621
410
32
224
507
454
911
129
988
133
669
109
461
810
731
338
139
218
16
598
265
276
274
387
545
495
393
172
454
15
494
856
258
773
209
5
814
692
356
958
929
913
846
935
302
176
348
595
285
810
134
882
350
63
16
957
927
346
851
514
720
627
499
366
659
978
306
317
564
197
841
203
453
636
714
234
977
541
306
126
950
600
304
31
537
295
583
284
758
29
120
327
16
431
879
72
157
349
699
300
827
547
426
418
899
795
661
788
893
310
859
53
384
975
567
179
934
410
171
748
571
245
830
428
926
634
503
558
587
456
415
756
436
367
804
412
23
416
996
449
975
50
150
200
692
740
153
175
52
804
367
645
785
949
208
62
998
945
183
7
905
372
480
724
634
559
215
44
772
341
811
361
767
885
915
763
568
343
331
821
703
158
619
737
261
806
73
162
638
397
276
553
466
329
282
27
726
321
700
257
315
88
326
583
266
561
974
608
891
350
266
487
623
754
492
346
940
731
214
281
490
599
233
653
750
393
368
441
711
651
282
301
113
764
523
608
195
25
447
901
340
144
367
407
374
554
497
398
807
266
721
487
206
351
833
869
42
184
401
918
926
361
338
857
219
400
289
509
528
519
37
854
649
581
648
522
658
682
444
385
400
456
475
912
848
982
403
13
335
852
288
141
284
366
718
555
915
910
107
788
958
163
581
939
806
706
189
878
910
848
904
638
704
825
380
93
912
80
719
878
70
74
593
665
142
628
557
860
16
184
722
194
92
561
421
475
681
81
737
165
100
591
41
635
87
722
131
653
864
460
36
961
502
610
267
324
407
137
709
467
35
997
319
887
722
48
53
180
324
27
318
905
516
493
570
868
442
972
660
681
501
194
123
947
691
424
662
993
705
81
392
542
534
191
24
832
592
949
454
103
893
228
323
167
317
873
214
332
210
359
279
412
735
577
48
351
72
380
745
515
999
171
813
647
517
508
226
819
822
58
22
175
792
175
690
821
252
23
310
756
995
228
425
521
974
32
846
875
210
133
498
376
432
905
843
842
537
794
336
978
931
42
31
934
390
172
498
787
450
251
669
24
207
272
186
700
260
822
494
471
626
429
29
873
111
957
304
915
175
391
389
809
747
150
796
40
843
77
744
16
461
67
101
255
984
966
745
885
143
315
70
480
474
825
913
872
269
329
301
380
837
77
820
728
154
950
692
79
509
458
798
656
7
82
215
790
959
553
611
675
856
559
469
723
501
681
564
683
352
702
865
224
439
326
686
528
149
361
997
856
37
798
357
955
310
99
767
239
412
849
779
22
345
628
153
534
454
3
31
397
626
505
879
780
54
131
573
935
773
803
26
50
630
854
887
15
453
218
312
350
161
918
199
314
139
656
303
243
366
657
949
754
757
626
848
37
560
837
547
104
58
567
1
979
622
113
833
426
50
118
695
801
931
116
666
862
716
451
955
578
199
412
779
663
522
473
332
41
76
123
373
921
165
556
902
834
960
386
304
945
34
969
905
395
28
655
234
548
572
905
521
506
595
619
440
545
282
348
408
172
424
677
265
599
614
36
30
147
488
183
520
197
413
379
233
917
728
215
568
223
683
987
751
871
927
994
969
463
399
980
481
359
212
512
722
973
509
735
278
993
728
221
714
977
79
652
466
802
616
826
493
581
87
529
201
56
30
110
91
700
282
217
245
190
619
940
553
793
346
792
15
221
765
873
686
900
826
752
903
356
618
981
429
260
253
124
420
858
974
471
315
772
284
289
975
144
926
272
827
391
690
877
625
357
806
97
793
81
576
874
678
471
819
770
647
670
699
877
188
64
614
807
918
931
38
718
69
243
200
15
631
323
104
510
713
906
783
820
569
633
783
248
116
41
166
915
456
145
888
417
17
432
539
128
307
605
37
321
409
758
56
1
930
532
736
836
614
124
698
784
988
52
849
918
328
720
421
329
50
98
521
484
467
576
300
948
591
309
678
531
431
947
828
719
930
542
717
169
519
467
45
566
598
852
49
797
970
795
166
599
284
485
352
232
294
670
380
557
312
151
143
697
329
268
920
436
397
558
266
331
735
742
700
929
173
256
791
752
845
693
994
345
736
68
984
822
134
611
562
710
172
711
210
72
298
556
520
755
640
923
401
12
87
558
869
455
479
456
829
59
818
618
817
668
573
344
634
849
854
457
954
102
225
739
351
378
964
50
31
177
150
710
99
10
996
631
842
730
498
622
335
356
460
92
264
302
793
532
765
884
12
573
87
20
714
378
795
119
423
721
299
53
816
450
671
520
396
888
774
58
265
498
423
410
675
374
230
984
820
161
444
367
262
517
989
377
487
528
945
617
877
669
772
507
746
28
61
732
747
721
873
185
780
581
329
690
186
204
856
293
109
862
135
946
529
917
282
154
178
982
293
724
885
394
700
344
680
430
466
70
239
349
267
520
118
505
75
215
962
861
324
411
466
297
934
749
584
562
487
622
783
187
370
661
231
587
142
167
974
872
642
342
519
70
764
663
849
217
379
548
512
857
92
508
76
589
463
709
713
179
101
526
142
952
642
787
734
276
242
455
469
191
573
459
902
494
318
589
822
49
857
274
65
569
658
626
215
889
470
283
723
932
348
187
697
792
167
783
504
145
984
704
246
515
758
962
93
114
704
564
87
246
718
373
159
118
715
335
325
105
575
149
259
169
750
703
710
735
908
602
849
637
374
669
809
752
985
788
193
567
894
426
596
767
930
243
243
217
383
689
297
741
302
755
962
258
895
214
909
929
589
505
524
349
940
658
43
101
602
79
984
516
292
601
465
409
82
155
711
698
71
944
412
818
905
518
734
999
992
566
547
396
666
312
673
463
650
822
868
35
546
256
242
727
318
139
705
241
233
864
179
240
966
595
854
362
222
282
587
273
977
785
139
27
94
679
353
295
570
995
830
649
916
888
526
317
711
256
455
54
144
643
513
499
432
930
887
287
839
623
383
242
385
300
460
774
873
79
381
958
940
42
412
773
827
81
412
802
65
686
747
843
561
305
670
797
605
707
122
722
714
762
643
996
519
564
79
349
816
969
946
527
877
439
64
471
504
112
321
440
886
150
2
326
526
299
995
443
346
1000
462
190
663
32
732
766
423
190
727
552
387
245
535
573
357
311
639
63
811
693
27
484
624
527
961
82
663
892
319
880
510
903
278
920
619
551
590
956
435
785
637
672
425
327
473
379
539
874
129
181
558
12
194
10
327
908
930
190
125
964
565
189
991
876
881
524
879
798
676
764
830
379
482
226
152
676
5
598
434
477
509
353
166
726
3
198
105
728
392
385
536
601
668
313
815
789
353
584
73
529
657
216
277
331
790
64
620
719
521
831
584
117
117
756
618
387
740
604
632
443
852
757
772
95
732
396
674
769
698
701
179
604
304
995
916
557
5
943
772
781
105
953
717
376
5
834
619
252
947
868
140
569
817
47
626
373
526
446
263
552
823
178
243
172
950
156
213
256
240
507
375
953
718
559
934
520
520
110
500
417
439
518
903
944
488
391
281
781
529
615
555
542
175
765
508
266
604
220
817
977
861
318
244
837
163
56
607
207
57
357
98
226
366
267
875
468
680
555
24
637
609
701
785
467
630
79
783
487
365
34
314
220
194
340
907
780
780
552
789
288
652
882
9
952
970
200
350
265
328
494
254
106
242
450
259
65
289
839
451
26
675
339
433
268
159
202
176
671
168
60
918
276
280
23
14
102
336
812
280
745
192
757
97
956
814
366
927
556
761
980
841
27
145
630
320
905
459
683
305
34
842
438
351
345
611
377
109
391
459
725
507
194
787
676
266
855
940
82
793
445
378
322
287
400
928
274
410
290
423
435
721
220
880
523
437
74
305
397
769
971
950
58
904
657
602
82
268
34
873
525
203
630
818
584
230
139
330
584
362
691
184
986
678
974
445
389
549
619
130
481
406
923
101
600
303
820
340
704
108
771
776
663
236
636
878
377
728
478
625
998
332
89
78
661
925
853
711
702
774
916
745
486
127
197
127
278
844
859
184
602
876
97
45
281
173
100
343
571
932
713
714
593
909
556
931
574
323
875
27
788
244
323
949
736
707
991
146
148
477
840
534
443
272
537
255
896
864
313
361
853
12
689
986
107
451
907
328
805
974
391
16
880
658
265
1000
51
553
831
362
642
117
662
814
412
854
175
63
830
162
667
33
293
169
252
892
261
254
883
15
886
239
921
667
9
732
207
814
558
443
339
505
943
458
357
253
278
328
287
53
945
42
82
552
16
177
859
5
224
115
858
910
562
534
466
250
240
568
837
314
442
726
642
236
241
768
443
636
901
217
262
627
232
3
226
429
712
981
719
854
512
829
113
657
337
379
909
827
218
231
936
338
481
164
74
332
153
606
128
725
92
911
871
580
473
500
853
316
542
733
8
875
762
259
779
1
783
628
534
829
828
806
744
584
734
730
572
265
885
241
35
568
267
233
284
152
689
420
562
804
942
49
665
677
153
419
704
595
19
298
837
695
821
798
100
546
145
527
837
669
78
195
980
769
554
481
295
205
878
135
995
544
159
633
385
830
474
280
925
89
368
314
678
85
513
610
903
98
981
505
625
942
451
737
239
273
857
982
679
943
830
774
552
721
314
347
223
156
770
886
548
787
690
941
699
975
771
509
606
652
344
961
388
156
201
747
725
521
166
692
132
151
236
700
221
617
487
380
425
138
415
115
185
364
969
963
756
219
253
305
387
638
263
99
247
496
192
273
64
811
346
273
768
739
1
316
770
690
408
140
526
630
855
646
757
357
186
393
722
942
313
38
710
399
140
606
523
629
938
273
394
517
811
253
394
359
813
94
581
993
800
968
254
4
256
200
751
596
474
177
453
300
199
48
448
944
662
620
116
852
734
799
139
332
514
992
473
924
680
357
201
500
417
897
391
87
918
775
68
350
610
646
892
161
754
636
927
658
211
882
216
472
158
104
919
975
915
879
141
72
263
937
240
537
879
439
7
602
281
444
901
577
562
673
402
212
139
156
593
842
871
128
466
894
360
964
726
750
198
88
615
815
683
197
156
5
765
246
320
729
500
947
560
549
218
31
107
745
517
385
592
648
285
518
692
641
210
798
332
681
434
905
469
597
986
458
687
957
678
670
919
153
325
535
654
494
645
810
263
248
970
192
495
78
108
6
96
104
613
698
174
282
113
431
896
872
418
211
625
817
447
939
818
19
833
41
557
149
875
996
954
900
176
861
333
737
398
822
9
624
873
128
591
29
656
907
982
881
728
850
810
895
861
192
551
343
691
179
593
304
57
904
760
878
520
564
899
872
624
303
379
224
786
685
255
387
333
968
554
611
278
595
467
651
175
478
698
355
344
905
319
733
366
223
948
565
742
912
273
849
96
19
606
89
252
620
107
959
691
623
119
47
752
841
139
517
901
119
330
831
354
270
631
737
204
6
113
958
984
866
625
817
62
535
614
152
670
936
916
810
845
382
82
535
123
863
929
66
312
590
246
691
264
23
113
498
899
608
3
679
928
748
54
352
59
31
310
976
11
853
830
792
59
637
433
195
203
401
464
631
741
994
81
872
686
797
586
119
791
152
585
525
26
187
133
726
184
16
740
301
374
569
732
108
528
670
178
155
902
154
95
187
587
902
442
907
629
942
621
605
256
102
591
400
942
426
677
547
373
660
148
583
621
784
289
516
637
147
444
416
384
44
546
382
425
892
617
879
270
52
86
600
924
406
898
48
412
879
387
950
734
356
126
898
962
574
450
498
634
541
956
693
593
842
536
618
442
233
742
570
101
465
257
515
458
79
185
811
515
931
516
729
79
642
398
62
969
421
994
918
350
808
436
492
358
254
422
646
506
165
974
320
397
129
450
710
881
459
133
972
772
817
795
443
966
859
688
691
149
210
393
587
274
911
722
869
914
222
141
282
786
511
314
479
568
118
144
116
683
961
591
551
381
253
308
513
597
450
105
748
733
708
756
170
589
542
539
576
200
776
502
133
575
385
416
248
494
563
714
677
398
717
249
386
134
141
555
71
184
643
839
301
141
735
167
820
155
424
605
66
328
254
846
527
294
763
889
304
508
933
259
398
590
237
339
452
699
79
843
546
966
279
725
723
916
62
362
940
815
72
330
714
462
504
751
434
435
55
492
677
883
820
809
326
202
654
165
197
459
815
453
168
48
367
440
888
52
44
987
548
605
649
263
64
732
934
411
689
267
774
160
840
538
129
649
629
532
333
333
796
84
596
90
837
370
992
13
555
110
808
282
964
280
215
242
633
855
344
357
253
310
5
253
619
156
663
66
799
207
103
104
420
180
456
561
914
48
487
247
128
730
449
338
979
705
458
866
854
205
25
858
18
301
474
67
50
54
350
514
482
358
584
564
358
21
211
909
41
721
378
650
416
444
327
636
863
666
34
22
702
811
126
30
144
651
522
81
274
223
43
755
133
103
660
175
672
504
391
618
230
810
342
549
129
278
822
435
386
436
852
45
624
915
678
182
12
127
898
289
430
370
311
419
841
224
184
102
44
826
622
804
643
459
155
871
392
941
167
680
909
442
114
185
356
326
636
266
956
403
442
730
864
486
830
384
286
108
862
689
612
27
737
987
558
985
866
762
118
263
402
960
924
637
517
990
205
402
673
127
686
526
526
423
990
813
103
38
913
199
624
913
111
691
423
840
744
998
577
3
301
381
649
369
819
971
859
162
816
105
634
850
816
788
618
432
33
779
198
690
654
640
285
878
158
852
404
884
470
589
427
415
337
820
429
929
707
816
284
239
290
336
566
982
733
106
317
259
274
153
20
215
579
707
844
677
382
911
284
690
129
982
825
554
541
889
492
893
250
71
944
31
10
898
877
560
492
897
356
215
266
735
151
324
396
750
646
633
402
158
352
251
171
669
500
826
173
796
180
610
517
339
939
846
254
307
421
49
831
620
284
348
295
561
978
404
18
188
463
183
430
376
132
645
765
118
116
685
616
726
800
776
646
432
797
218
828
861
358
760
160
317
793
955
971
19
585
233
961
450
451
308
245
802
779
837
416
527
314
812
828
762
367
452
624
410
717
228
527
273
386
717
736
899
45
89
482
655
120
240
177
733
552
934
658
507
1
673
512
897
593
598
784
668
865
592
595
916
666
278
774
430
501
698
45
27
995
459
185
742
930
493
143
640
632
739
46
718
269
625
973
641
750
413
280
373
140
601
669
321
889
752
384
761
139
437
951
998
164
683
501
513
244
974
886
71
972
366
13
373
629
429
750
291
754
899
282
401
964
740
263
62
141
847
185
172
678
655
367
641
379
960
687
463
873
412
371
256
484
727
459
466
160
640
280
899
934
268
970
106
585
239
548
810
813
493
446
332
969
383
194
887
858
412
316
199
207
873
931
127
646
312
343
203
72
757
759
641
198
844
466
437
854
340
292
857
247
234
613
128
893
843
358
897
881
990
925
870
696
117
248
31
232
623
149
420
15
603
990
683
621
970
520
257
92
185
512
339
291
135
743
288
855
806
118
171
73
444
866
929
674
655
969
371
831
39
286
90
178
50
652
826
633
139
370
133
23
551
187
681
85
812
285
262
48
918
255
509
664
78
91
203
196
6
346
106
779
902
374
255
559
754
20
326
506
554
434
249
149
776
925
617
794
469
169
918
370
673
246
142
222
133
809
344
884
845
364
980
482
3
458
37
250
36
280
593
103
877
930
718
289
924
481
948
97
217
612
822
889
87
196
924
142
571
204
281
792
359
838
950
238
662
808
310
992
484
267
697
1000
972
724
73
165
640
789
671
666
941
157
904
127
536
844
30
549
941
40
435
928
329
555
802
578
939
43
304
595
560
261
518
3
696
790
586
671
728
939
627
974
615
128
963
783
661
992
551
572
489
217
227
165
23
444
720
401
755
983
971
273
964
543
283
21
774
658
686
529
385
64
223
226
826
704
192
352
524
8
694
129
906
530
960
566
861
539
153
200
583
259
386
335
592
970
377
714
967
51
89
609
788
984
536
869
946
887
223
392
16
616
79
188
584
621
612
797
723
818
263
389
413
414
170
372
215
324
365
564
601
628
158
206
899
699
741
504
966
252
755
155
692
65
909
117
454
187
261
97
919
566
419
694
835
16
716
374
173
774
392
640
803
129
459
552
163
894
890
729
289
513
557
718
800
265
177
738
83
507
873
364
755
983
272
567
880
579
91
674
600
52
638
565
222
124
848
351
191
97
809
265
124
971
742
279
373
960
795
885
858
176
782
507
452
326
928
73
915
769
535
54
245
574
754
704
631
508
547
697
417
813
439
376
790
678
226
729
588
8
968
553
208
211
608
530
658
317
996
506
763
655
210
396
311
570
682
914
30
113
942
696
978
378
656
745
140
791
765
946
831
288
856
785
611
490
63
322
916
155
13
444
397
985
969
395
307
686
296
360
93
700
313
462
757
908
541
923
180
458
860
871
552
731
165
961
545
848
240
638
240
414
724
182
63
559
769
162
212
334
292
627
599
392
204
91
260
495
911
194
144
101
257
745
843
654
946
167
117
142
609
254
608
61
539
621
437
289
322
839
121
407
990
266
811
262
805
932
941
817
533
113
485
220
931
939
880
507
565
177
639
30
40
153
839
335
88
41
5
749
636
914
910
325
305
344
781
352
617
180
384
421
493
811
206
795
601
132
498
998
489
238
724
355
624
708
349
190
905
198
800
57
655
748
494
9
776
176
162
458
954
675
639
138
55
521
461
270
952
543
718
50
288
166
343
394
736
550
60
68
538
162
148
946
594
315
404
36
452
88
682
380
79
965
562
204
87
387
431
385
347
686
852
667
743
37
162
246
887
330
93
888
910
157
78
834
578
910
583
827
53
313
33
86
856
967
853
916
51
919
256
313
413
779
965
791
408
281
443
541
757
451
823
708
193
40
152
222
308
197
114
673
825
294
612
644
952
543
735
719
936
891
247
536
340
540
681
998
984
328
517
670
16
569
34
488
161
814
108
947
194
226
294
325
775
541
205
491
530
721
886
421
690
750
440
586
82
474
838
654
160
865
308
604
594
443
633
271
995
833
45
401
421
24
502
438
888
292
624
996
281
139
991
561
961
603
138
981
747
665
610
179
363
133
696
811
291
61
902
10
611
985
286
914
898
662
869
46
510
318
267
505
820
988
616
951
445
94
240
929
648
66
328
195
733
613
867
147
951
815
70
809
297
578
381
270
392
392
773
548
844
335
217
42
564
567
25
628
322
867
476
370
89
532
195
255
497
951
59
411
875
200
580
671
735
434
948
182
537
398
618
29
469
135
503
54
527
696
312
657
316
60
594
768
671
319
772
631
718
905
76
132
746
869
225
619
395
567
920
222
228
748
936
163
96
224
726
908
254
93
841
860
445
938
707
596
301
13
214
605
989
401
624
256
912
987
733
371
817
242
934
340
52
97
268
815
78
665
804
199
601
764
270
835
717
234
84
319
888
791
359
53
849
95
538
766
535
341
664
982
107
189
148
416
110
867
714
438
727
339
933
736
989
885
13
540
639
293
193
530
731
992
919
739
437
262
666
904
309
240
766
911
705
651
400
608
475
539
843
436
170
452
225
284
230
899
244
373
3
173
219
736
437
268
476
381
612
434
833
839
1
308
860
654
944
780
391
457
485
946
920
791
934
836
797
74
483
695
658
58
876
760
56
157
498
879
29
836
780
614
796
982
785
958
847
637
436
113
861
990
693
551
332
67
268
460
554
608
997
747
969
599
590
337
642
122
83
115
957
21
563
189
864
952
224
716
965
237
192
542
652
331
181
258
337
119
489
90
626
53
854
652
941
668
807
809
32
752
353
27
872
144
627
801
972
936
283
162
612
876
695
745
679
406
556
254
527
731
450
386
37
486
835
352
919
901
205
309
118
214
396
775
986
157
950
39
574
817
739
825
564
236
886
653
151
217
53
296
895
168
336
734
755
12
850
420
399
618
115
974
467
60
643
225
558
325
666
655
421
227
235
819
7
908
324
509
254
534
542
83
11
570
752
468
752
122
672
256
153
101
817
711
913
951
914
512
977
406
348
696
323
294
484
525
798
247
600
310
635
550
183
444
179
583
652
481
538
979
880
897
425
763
127
44
664
529
747
596
718
334
536
66
772
85
507
396
351
541
608
883
162
242
14
805
637
136
259
335
737
252
658
983
928
197
47
190
751
765
351
534
190
119
499
981
41
332
746
731
906
367
786
81
238
276
728
412
469
6
967
532
99
776
613
165
36
623
290
971
406
817
936
872
389
705
282
125
886
660
382
728
875
19
158
644
167
253
846
774
418
56
669
208
270
246
478
513
464
372
430
994
366
488
886
129
576
494
885
168
732
296
810
398
386
289
170
520
486
106
313
879
41
395
525
787
795
948
657
70
111
876
522
766
223
622
212
280
189
363
636
434
854
512
214
869
597
899
827
505
775
941
71
131
537
480
48
423
917
27
378
469
437
6
750
620
574
335
294
503
271
687
140
198
349
988
901
875
763
225
827
825
39
533
631
521
54
916
418
143
631
660
971
837
165
368
221
549
471
545
289
244
96
406
836
17
261
286
389
84
167
831
169
335
780
774
150
734
565
762
940
450
121
668
314
759
673
260
644
21
941
790
584
472
157
62
483
370
55
161
913
599
354
648
10
335
73
242
816
869
573
249
72
307
359
562
636
446
986
819
771
186
861
303
191
445
851
787
54
880
663
301
942
72
196
40
359
981
878
590
498
242
770
802
187
269
590
358
775
928
528
946
76
920
74
40
629
651
837
29
247
366
629
23
563
402
842
78
353
7
733
937
7
217
912
719
361
192
70
883
421
819
228
54
20
442
594
555
694
792
663
505
304
754
831
693
556
389
804
766
535
54
501
140
219
225
333
702
413
119
756
998
467
260
400
318
350
618
293
415
662
371
49
435
627
604
485
674
782
683
657
716
393
404
191
151
35
242
782
815
539
266
309
87
921
880
692
2
551
14
879
506
20
555
980
786
760
254
904
246
235
758
788
830
631
910
794
697
218
124
25
619
658
870
82
802
8
837
623
363
280
369
768
695
229
224
539
404
372
547
891
741
614
227
582
382
748
223
940
779
750
428
110
843
632
48
230
469
954
435
709
759
829
459
611
943
81
971
63
373
711
384
839
839
879
5
368
630
68
52
84
361
10
100
241
759
698
820
310
558
723
181
353
334
78
146
370
262
98
179
277
670
107
724
324
928
180
358
46
26
846
604
928
138
641
43
598
116
523
618
126
970
898
876
505
993
412
678
299
450
607
95
529
478
608
46
554
421
315
972
687
82
972
628
768
297
244
612
172
10
425
642
883
473
664
848
736
459
496
801
94
254
233
769
65
774
907
527
963
596
740
47
920
347
6
638
839
87
953
197
713
178
944
718
630
69
805
253
900
447
59
760
531
988
834
590
882
394
292
406
730
667
364
688
289
813
876
214
367
824
891
79
944
348
540
321
263
239
280
771
41
161
110
7
976
308
330
518
341
767
908
91
476
852
47
905
199
29
176
707
5
458
367
242
360
413
148
550
770
633
850
280
99
753
973
544
243
826
822
554
250
383
754
627
613
678
120
26
507
898
123
431
288
195
338
218
618
207
894
276
145
643
264
581
460
23
924
825
365
4
717
277
92
102
40
239
836
15
980
967
154
812
464
936
856
824
294
127
852
713
81
230
581
463
892
210
71
781
849
736
71
992
924
794
636
747
537
100
629
453
8
654
904
472
78
691
195
310
661
556
120
649
952
435
148
287
406
845
353
654
950
163
875
903
78
918
884
745
566
85
893
46
214
236
833
439
477
825
729
148
972
64
164
389
974
92
296
516
183
311
828
909
762
135
277
947
371
729
977
123
410
23
338
54
54
27
228
982
555
421
333
2
587
637
923
879
407
745
877
464
342
447
419
923
435
146
981
841
108
729
994
535
12
106
988
430
113
882
575
381
174
81
539
965
672
632
39
887
843
441
398
550
792
372
640
161
690
840
636
214
36
614
573
393
295
955
40
394
813
147
920
299
782
91
214
906
723
259
584
871
986
635
462
231
57
397
761
740
937
373
881
793
716
242
804
100
799
217
583
78
652
469
866
674
892
542
348
735
869
293
978
643
942
288
650
521
54
667
125
713
456
48
731
115
869
151
712
835
234
614
886
324
784
726
399
528
654
235
409
736
693
146
918
980
978
361
625
529
657
29
920
898
256
140
687
819
209
69
333
790
215
736
294
158
235
225
468
849
27
220
207
840
65
48
483
132
924
565
672
767
255
819
145
554
478
937
713
470
275
614
168
139
145
497
781
136
824
339
681
588
707
255
538
507
123
632
899
301
640
703
151
562
957
140
659
613
891
2
405
209
6
268
438
622
245
284
291
968
940
187
629
658
609
350
441
2
261
773
603
823
395
688
646
402
166
631
852
112
960
579
901
797
775
433
905
148
50
9
690
735
779
735
784
200
235
276
512
738
597
585
637
601
146
744
435
513
573
722
252
842
62
540
359
650
915
724
760
476
529
47
92
516
7
759
660
978
594
630
52
560
227
32
798
842
353
989
886
744
957
624
745
180
166
126
809
184
401
881
900
353
33
271
878
484
73
522
716
283
797
64
281
174
704
866
576
851
947
900
973
69
502
536
892
522
686
244
396
604
904
476
132
254
647
605
206
355
419
110
923
693
118
208
145
285
60
194
289
38
481
46
716
471
481
603
445
251
359
791
273
810
170
871
127
747
203
405
510
551
752
698
754
200
837
534
233
940
983
48
643
550
180
748
180
237
659
792
672
545
933
673
768
348
600
144
181
623
370
592
112
242
577
859
459
325
858
652
810
169
381
856
759
932
672
232
808
216
541
139
857
758
186
850
531
123
81
499
997
692
129
601
809
992
602
10
456
949
634
30
842
917
564
524
537
218
512
971
42
850
907
448
350
865
255
390
164
534
530
908
556
392
178
433
221
816
357
184
951
47
453
417
353
170
349
714
609
445
16
329
872
801
548
203
876
971
820
424
335
91
276
588
600
42
896
40
225
953
423
891
337
570
498
617
402
716
228
975
504
367
390
731
124
972
335
99
604
292
242
462
825
790
86
310
42
331
253
352
888
976
398
114
959
967
756
613
51
294
534
473
606
306
731
422
512
652
157
287
737
247
826
953
439
965
780
222
779
359
155
473
172
764
672
226
817
556
323
534
851
444
368
154
429
338
697
308
432
586
441
648
194
426
480
881
846
808
72
178
819
966
547
372
127
12
17
484
844
661
643
406
197
471
191
817
354
914
544
409
653
725
695
488
116
712
784
804
756
635
527
52
1
6
463
174
463
614
137
39
283
40
774
577
449
624
32
259
647
650
390
823
380
397
148
911
933
824
150
849
605
577
999
209
216
333
264
262
97
16
38
479
450
88
8
999
173
618
920
356
306
288
203
1
928
693
282
342
508
11
253
249
386
261
327
102
430
186
101
758
877
254
892
336
374
483
394
926
766
297
27
304
257
215
687
88
773
487
264
478
579
711
992
340
429
383
391
69
1
117
920
222
126
281
447
797
680
797
326
462
296
948
210
391
397
864
433
273
275
240
833
556
560
968
315
332
926
960
301
610
179
36
890
974
554
322
366
730
480
603
965
133
278
899
143
451
884
52
560
814
568
209
772
617
410
796
325
890
95
878
630
726
365
655
870
30
386
992
72
143
194
726
775
27
299
172
625
419
468
451
713
381
643
960
119
218
68
553
973
502
63
734
389
887
385
312
213
731
746
494
517
961
35
563
505
58
853
385
283
25
667
403
63
203
808
981
60
826
785
560
488
69
802
774
307
564
248
128
503
547
55
315
685
26
794
506
371
315
658
102
668
582
767
481
601
747
658
596
939
190
574
917
694
606
298
537
886
706
673
693
506
142
318
4
580
631
649
904
57
117
795
93
32
470
813
58
196
713
574
274
902
955
657
84
421
665
538
697
115
477
694
666
255
539
824
296
136
22
506
764
996
747
856
869
473
105
298
635
558
870
707
601
47
218
866
939
222
842
559
465
557
606
59
568
317
180
954
116
569
524
919
664
423
133
900
192
796
380
424
389
336
363
176
63
369
947
933
176
501
101
639
189
125
226
439
667
462
826
726
234
716
893
471
585
137
439
851
438
513
449
672
132
314
640
35
879
607
27
904
943
467
282
75
857
262
865
930
466
262
49
848
36
408
775
679
854
211
547
435
391
58
803
775
991
268
83
549
351
494
983
520
351
331
475
202
581
142
188
523
605
813
978
158
185
921
156
93
92
91
312
521
149
94
909
347
76
956
890
27
972
598
701
19
177
805
246
724
863
38
190
896
322
350
281
5
991
91
743
113
238
241
330
581
112
238
459
943
257
248
8
746
339
963
482
377
485
699
544
970
820
987
37
399
167
606
4
852
103
956
411
100
178
860
342
810
203
997
384
505
546
86
520
997
411
247
397
665
105
663
542
656
256
590
688
180
451
682
131
896
161
113
861
409
347
703
250
302
181
1000
517
56
755
768
317
285
317
650
191
891
502
7
589
725
313
638
118
195
163
641
646
618
729
805
693
286
531
478
907
221
474
574
414
54
912
668
267
528
129
957
833
947
816
544
318
481
636
563
653
151
37
332
707
107
71
465
267
256
196
46
948
983
437
358
935
832
335
581
614
649
61
632
883
295
867
967
861
48
233
963
647
934
157
763
655
726
133
502
327
265
309
561
313
140
574
587
873
677
577
860
471
705
85
467
569
566
362
485
274
456
283
987
787
59
484
658
918
205
498
812
180
334
91
458
192
349
468
430
973
742
570
437
509
248
92
834
683
975
305
168
638
773
256
556
248
534
246
247
26
116
228
250
122
997
340
237
2
61
306
356
503
762
354
990
534
700
51
244
584
350
863
264
804
319
77
188
220
503
680
635
569
491
840
578
60
326
648
692
517
498
158
69
716
786
280
167
435
862
631
20
110
848
548
132
748
327
696
892
344
257
638
802
718
292
506
487
829
474
473
720
269
319
323
823
215
964
818
578
180
268
484
42
232
562
985
326
191
585
4
360
918
906
643
867
30
890
528
93
288
50
460
91
609
516
296
258
88
872
10
329
6
354
62
783
216
507
983
913
831
945
508
584
726
464
331
467
137
185
729
649
573
352
813
550
952
778
73
250
807
106
510
466
866
843
561
747
828
475
861
724
863
513
391
360
747
158
431
809
872
54
204
482
226
994
200
574
50
454
249
303
194
746
495
819
278
979
909
680
429
168
497
66
989
630
1
475
692
259
873
691
518
871
758
584
258
891
478
764
771
260
400
895
309
387
654
176
75
650
52
252
958
605
473
437
510
279
559
3
411
263
896
941
964
770
842
114
724
272
589
429
775
759
954
424
952
304
299
821
796
951
971
800
27
516
812
213
309
11
775
457
341
857
743
426
376
112
540
490
140
411
476
883
350
985
728
301
986
200
428
736
334
895
370
859
93
159
700
921
238
586
516
655
192
467
976
658
729
42
427
732
264
595
396
822
564
827
821
341
629
830
55
438
880
270
657
317
421
72
687
321
683
142
252
819
78
433
130
312
29
768
119
252
21
861
399
266
315
114
288
414
739
572
985
124
472
608
651
937
644
869
378
793
251
81
540
719
660
630
635
443
15
186
983
593
307
513
369
933
520
39
217
324
973
224
516
102
226
805
562
892
597
248
108
337
660
516
194
420
373
246
422
933
219
201
453
584
563
726
872
880
96
260
310
902
591
815
147
342
937
883
122
965
942
995
472
560
250
680
553
874
419
277
490
679
812
173
890
937
830
263
823
366
496
347
562
1
924
306
647
820
426
691
226
519
674
40
299
946
891
121
812
341
723
35
60
744
502
287
40
119
230
79
349
945
748
965
220
403
97
495
78
377
378
181
757
73
430
427
137
94
141
296
192
735
850
458
195
564
656
8
937
478
12
1000
959
816
783
595
552
945
52
882
803
87
474
688
832
922
135
658
885
514
941
556
354
53
792
167
823
114
351
820
194
798
770
153
225
657
522
882
825
878
202
77
219
393
48
334
188
799
113
332
373
925
767
466
500
350
828
634
174
208
553
166
872
626
256
42
233
703
832
302
497
127
416
872
257
378
425
9
35
655
475
20
519
688
289
33
336
978
655
367
715
139
271
199
150
480
40
292
117
158
408
847
484
486
199
67
285
566
175
931
48
101
95
738
865
661
27
967
510
947
545
585
927
144
724
120
301
167
760
71
355
92
247
505
843
517
191
72
582
812
345
574
58
116
511
706
775
724
297
998
403
610
511
880
560
779
668
177
436
999
65
921
477
355
201
58
850
219
990
166
831
533
741
279
848
599
269
461
609
486
43
514
707
595
594
702
761
225
89
779
927
707
376
182
868
257
421
343
984
848
446
375
683
488
26
190
629
200
755
408
310
924
427
106
458
250
995
22
529
60
629
17
432
498
496
117
317
620
634
897
53
930
818
697
793
556
217
493
67
808
260
782
280
879
277
788
846
529
608
342
467
648
325
199
881
1
677
219
213
830
765
716
782
783
673
413
825
650
349
169
985
93
393
623
890
86
602
181
795
287
587
505
8
605
966
198
307
92
471
509
178
74
619
207
776
74
53
298
32
184
737
705
781
274
701
586
810
190
496
916
367
148
366
801
609
8
756
788
509
102
857
297
171
655
775
941
919
878
176
282
66
133
537
749
909
61
854
814
979
371
771
87
901
228
149
444
752
189
358
66
387
668
359
113
145
448
296
695
700
572
764
643
201
739
495
727
806
89
576
33
60
994
805
128
438
959
228
7
605
944
474
630
899
349
325
752
469
208
116
325
943
557
554
96
45
261
581
950
95
546
320
411
619
490
502
171
619
420
51
569
742
423
328
765
747
43
718
27
403
791
782
892
246
313
972
279
479
564
237
510
159
2
301
560
851
178
740
785
966
511
46
587
961
927
751
901
953
741
761
377
652
644
374
137
399
140
670
999
170
36
398
831
998
679
552
563
535
169
836
235
28
407
693
588
410
406
969
33
882
618
637
923
95
260
393
563
536
464
515
191
318
244
267
808
455
873
354
379
948
51
372
487
555
101
255
938
292
283
7
323
63
110
177
841
138
91
364
999
948
737
543
771
132
881
717
857
784
234
69
466
873
671
591
550
938
759
237
620
360
348
399
266
3
563
837
76
21
172
941
171
609
625
838
634
672
742
404
714
265
411
504
516
616
376
995
425
231
903
995
304
750
492
795
147
373
360
271
19
328
442
264
144
905
939
773
878
324
92
673
234
268
525
709
61
958
996
895
33
606
313
988
395
452
895
744
852
552
841
819
772
993
936
618
953
598
702
199
331
789
440
132
401
611
425
130
122
459
721
650
845
244
580
352
391
23
165
761
113
573
102
573
42
7
430
658
755
857
982
342
643
717
415
167
765
115
765
505
56
618
773
560
646
731
179
614
550
173
397
277
674
709
38
298
821
349
354
408
656
18
362
953
481
703
463
851
44
575
436
270
388
176
592
557
9
526
893
455
791
170
966
414
431
702
631
698
507
485
415
313
346
646
266
427
759
481
715
10
59
711
779
687
88
748
6
379
999
481
165
586
971
588
356
924
680
996
883
902
266
972
822
959
131
316
411
935
227
759
121
974
669
173
467
607
846
422
154
997
159
919
674
404
189
160
569
30
331
443
28
377
266
57
758
388
646
689
166
293
522
65
459
105
383
843
747
780
456
842
920
277
272
816
687
891
229
954
660
563
634
173
454
796
757
493
183
491
591
41
539
975
340
99
923
851
360
96
852
42
231
719
802
372
180
845
810
891
914
961
538
201
821
336
182
245
793
981
299
15
778
154
968
417
428
456
264
24
150
864
257
931
942
486
516
286
877
755
909
61
963
773
378
169
444
467
781
277
811
429
368
383
514
484
848
621
21
414
913
971
459
186
549
250
636
761
9
847
562
126
304
484
22
91
439
380
161
566
456
558
107
327
456
880
50
523
828
757
538
759
594
666
994
480
756
50
56
34
676
656
989
607
236
375
392
813
590
776
64
990
90
189
339
479
933
203
299
492
728
927
792
868
250
217
849
366
240
802
614
687
9
864
620
928
314
696
580
313
584
915
569
615
666
773
78
378
784
969
349
993
553
940
373
751
367
282
28
458
884
557
58
709
972
421
524
400
631
217
981
721
188
949
74
826
684
281
670
985
498
579
680
17
675
246
48
844
672
32
135
609
97
536
554
436
568
945
649
753
390
503
483
836
198
853
701
283
564
644
45
308
392
955
660
139
891
218
767
619
254
986
861
39
607
289
348
212
566
248
315
810
490
424
397
190
667
754
368
605
832
193
636
500
672
344
583
540
987
796
303
583
450
437
283
969
89
187
347
339
545
47
524
84
63
614
160
285
19
47
259
838
342
28
586
36
338
669
320
965
210
616
877
69
651
110
642
88
619
431
948
344
403
867
880
650
62
933
705
201
364
10
705
638
496
775
225
453
646
723
911
785
600
733
958
778
69
603
134
506
943
79
43
613
171
932
970
107
874
622
223
274
177
858
69
597
316
96
929
558
495
762
145
46
768
420
128
251
816
813
4
312
467
874
845
823
540
982
926
306
136
81
272
974
340
919
915
807
898
334
570
350
675
778
505
930
385
945
481
626
664
806
539
856
184
21
139
402
651
478
781
27
100
462
765
854
797
617
41
615
237
241
668
882
934
51
646
169
74
352
598
326
845
465
974
724
135
263
740
574
237
92
629
899
622
688
798
328
778
771
257
658
877
737
402
4
721
963
652
676
481
594
672
517
858
377
992
399
213
393
783
913
632
871
327
42
659
161
425
604
988
103
321
276
205
990
776
401
663
318
622
207
931
691
814
127
57
743
492
896
647
472
180
884
614
721
620
434
849
876
493
279
668
86
273
534
637
557
273
213
674
86
594
996
26
831
281
826
718
750
510
843
469
224
723
44
635
639
400
875
312
460
508
514
776
586
175
724
921
408
961
12
449
677
756
294
605
993
610
16
396
894
87
971
571
892
211
206
503
634
83
764
274
18
21
423
723
361
206
111
732
606
858
248
636
953
954
806
604
260
20
367
454
26
357
743
908
150
349
821
568
600
304
125
505
285
951
148
833
835
139
880
9
62
570
307
376
36
990
396
207
323
954
272
424
209
397
292
543
11
841
364
572
254
626
210
595
667
789
12
536
533
938
971
899
158
115
30
60
848
176
151
642
785
237
803
431
932
371
657
131
632
148
28
772
459
990
270
991
912
628
19
452
439
587
949
749
27
970
219
327
758
808
364
93
169
899
111
292
244
223
985
569
256
412
812
822
369
737
723
36
686
549
737
225
679
175
298
954
277
514
381
526
61
413
123
860
678
70
557
549
485
226
139
389
419
194
892
79
689
133
783
915
20
137
122
920
867
847
259
282
638
538
566
174
629
496
246
404
555
805
832
396
374
740
247
639
680
179
987
900
356
586
273
315
339
805
40
110
299
498
190
169
633
659
524
764
36
191
381
474
621
772
394
179
205
776
157
989
170
232
259
732
875
783
329
891
42
425
231
67
528
925
420
748
409
406
305
537
109
391
150
90
544
803
607
930
363
82
245
762
508
443
106
69
94
935
171
154
569
326
714
678
738
792
306
704
662
734
208
797
444
239
105
632
905
671
876
932
131
816
59
691
198
688
611
254
901
918
934
361
970
970
59
577
762
30
987
463
644
324
269
999
562
368
19
35
191
771
993
567
342
818
10
491
968
300
502
475
314
604
885
144
466
45
413
730
212
479
231
527
256
526
443
394
596
530
931
956
31
793
474
522
405
867
273
188
229
297
993
783
619
793
115
190
242
863
483
676
556
667
893
727
391
208
714
637
84
749
767
581
384
290
499
615
751
24
687
200
254
405
73
321
816
257
172
570
824
278
921
337
704
483
791
611
85
491
305
737
861
518
58
471
751
845
616
907
189
718
371
144
622
290
726
940
455
723
326
453
810
658
831
673
627
135
124
793
411
964
448
596
615
100
585
391
200
389
434
771
651
842
265
882
867
627
235
323
939
279
176
270
501
64
946
782
895
695
797
558
501
672
379
18
922
228
32
827
599
586
191
540
199
522
196
444
41
311
575
913
739
602
86
502
341
251
227
224
294
743
341
338
612
819
444
741
898
33
883
953
632
50
852
544
26
413
533
835
101
934
846
628
752
383
516
941
376
323
452
191
64
581
370
152
129
636
629
244
303
931
814
220
546
642
665
816
566
612
584
827
337
176
903
471
79
169
208
339
651
877
306
946
493
721
870
921
854
379
900
452
449
122
938
124
76
468
205
710
582
206
594
966
669
44
785
430
63
539
51
397
153
482
116
655
147
693
830
804
94
843
31
760
146
654
183
420
695
585
720
104
624
350
498
494
499
83
71
938
676
976
694
759
157
117
941
454
637
167
56
262
437
322
993
80
447
200
193
943
483
665
663
989
3
787
884
243
410
754
842
293
924
55
121
875
784
75
638
892
75
795
966
486
181
559
260
393
33
326
523
791
453
501
362
390
2
237
710
745
77
487
852
976
251
566
572
333
657
890
333
811
393
552
959
787
762
5
844
158
646
66
812
125
850
804
127
111
106
809
415
858
442
382
737
627
125
236
877
199
317
618
561
861
982
657
264
165
119
1000
712
523
413
811
267
143
80
317
263
811
107
129
559
881
859
191
522
173
28
437
596
707
15
116
511
687
987
300
53
927
230
593
223
473
549
172
113
220
626
115
686
116
571
133
272
76
889
695
567
881
334
652
872
711
957
614
916
822
169
235
510
585
284
70
347
223
55
726
326
739
437
130
353
789
411
117
654
270
574
516
34
392
620
119
487
395
371
564
847
773
439
752
480
520
737
270
591
157
789
441
187
97
510
60
550
391
588
721
928
134
510
978
153
300
568
499
721
412
1000
926
582
565
736
440
426
298
785
482
435
420
505
274
100
157
462
442
507
972
751
340
468
911
829
734
17
964
777
431
557
652
47
765
282
772
502
179
854
66
776
914
373
691
905
737
641
473
440
768
864
639
150
920
136
980
325
632
365
507
553
924
562
924
136
829
802
895
640
697
257
417
536
652
445
399
989
928
607
572
473
896
810
777
931
691
245
606
335
793
569
582
598
958
379
603
34
743
569
78
342
809
902
700
353
339
19
393
929
597
988
764
610
26
404
503
2
606
82
401
818
77
12
327
185
466
325
858
395
675
621
470
247
531
752
494
216
174
741
211
136
363
92
378
340
592
271
464
136
119
111
830
42
112
737
272
32
998
895
529
405
720
662
443
323
507
728
873
551
262
258
260
980
510
219
342
290
293
147
496
465
362
166
95
149
786
145
51
751
859
372
897
814
653
517
431
238
95
23
33
992
559
779
320
404
717
480
116
520
279
845
598
510
511
508
974
751
187
927
51
165
605
754
684
215
251
77
932
641
812
640
115
698
458
490
625
665
989
754
239
664
420
467
44
616
634
750
567
275
550
162
219
761
447
77
799
120
832
760
581
895
50
663
25
984
626
230
121
876
280
820
391
684
940
627
357
575
650
958
486
472
243
268
615
404
544
565
547
919
75
801
875
423
213
144
151
538
503
407
678
993
60
32
755
778
386
866
49
381
965
149
411
67
672
345
128
861
856
527
491
466
100
931
868
569
845
67
386
777
464
497
280
654
945
594
899
385
677
800
338
916
90
299
874
876
885
260
485
573
150
83
555
262
200
500
189
135
610
66
425
631
936
197
30
740
27
403
535
890
417
773
408
654
415
925
570
582
678
560
640
428
322
622
722
475
94
270
231
387
258
157
14
920
18
960
598
656
434
770
500
528
879
995
250
665
353
