459
85
602
467
743
375
278
285
903
375
774
865
126
219
544
208
299
201
665
2
979
944
279
439
978
248
987
25
99
199
247
475
512
28
74
299
530
205
717
700
266
792
716
983
190
724
678
37
582
351
576
190
51
151
495
778
825
607
64
319
13
819
457
76
314
694
442
340
949
126
262
439
599
777
828
70
884
278
7
258
606
57
658
911
452
636
529
300
359
849
884
189
441
596
318
133
872
327
665
616
124
642
96
722
160
513
133
872
893
858
971
373
727
831
815
621
68
124
870
619
222
857
429
687
529
277
373
894
419
910
388
954
993
879
300
256
512
782
239
395
191
440
599
99
534
370
910
248
653
710
970
594
754
790
552
230
620
461
221
60
51
709
820
993
23
344
839
290
404
460
129
870
568
164
440
764
506
499
727
896
410
319
146
238
255
839
2
857
826
710
416
430
209
474
437
923
185
903
773
363
996
589
738
935
516
736
516
323
146
310
936
546
370
750
845
763
750
97
631
353
206
302
441
655
402
373
646
873
761
638
568
35
380
553
554
40
545
828
705
907
894
414
713
760
788
529
746
770
761
652
954
168
321
177
725
18
47
800
740
471
157
707
401
550
248
25
712
404
330
674
125
52
497
244
454
589
826
941
289
730
56
326
541
617
383
628
373
731
506
482
410
568
642
31
689
284
622
793
858
680
376
831
572
471
782
812
960
44
156
647
416
755
434
925
425
223
457
347
468
531
724
987
968
989
705
888
405
578
982
359
463
823
539
502
732
446
850
852
112
212
498
54
95
329
833
31
804
796
108
720
713
866
52
296
218
559
195
149
620
983
332
948
893
704
681
284
283
200
641
51
884
422
988
346
652
390
694
474
595
734
469
99
542
950
346
721
936
65
184
848
592
295
38
831
286
188
311
266
456
356
992
206
909
529
505
98
569
24
358
242
717
916
172
367
159
804
940
364
864
533
423
332
221
850
989
723
329
839
454
772
243
80
721
255
598
324
382
727
32
751
764
312
621
617
702
227
28
525
209
704
884
752
815
687
247
442
437
488
455
81
305
372
818
403
602
561
435
766
97
663
318
867
845
89
526
726
529
410
190
949
700
992
236
371
913
19
444
621
615
987
224
896
809
151
714
746
325
397
228
357
714
890
395
876
910
161
88
452
94
309
68
984
963
344
594
690
135
622
744
208
204
508
135
348
432
478
228
975
395
330
981
893
12
78
648
207
827
431
552
611
572
53
77
727
348
18
321
735
514
75
447
514
236
761
759
647
100
811
550
298
855
886
524
505
218
505
585
824
173
765
370
212
839
159
815
247
675
456
395
844
930
234
662
862
582
973
465
713
808
427
570
317
646
689
23
254
533
801
726
129
955
271
217
613
856
38
285
762
182
965
372
971
590
120
744
352
729
454
983
214
363
182
288
231
527
165
333
948
114
303
912
87
153
250
718
574
669
71
386
403
451
273
887
68
97
347
731
839
437
168
880
881
493
336
231
518
903
564
755
444
55
222
440
280
711
398
555
961
807
514
69
812
955
757
789
256
896
716
658
912
221
97
491
748
431
418
226
472
665
206
887
251
138
631
374
723
350
548
958
420
251
514
76
419
506
468
709
212
107
155
337
55
357
33
981
485
535
369
681
291
467
17
261
728
909
581
311
442
772
41
285
880
107
15
155
498
369
525
318
76
195
907
897
406
732
427
617
116
905
272
638
818
578
778
463
287
519
830
428
585
139
835
992
59
434
690
991
108
790
602
294
329
59
807
482
540
129
590
715
846
740
728
129
60
990
656
236
290
909
239
43
510
707
515
706
449
98
467
430
584
566
789
177
511
534
502
250
781
20
720
976
68
37
470
977
757
323
364
858
776
707
83
12
877
400
787
217
252
175
453
75
267
969
539
337
777
853
797
470
609
454
555
605
41
937
615
981
823
450
646
734
577
435
862
160
160
246
843
405
955
22
124
592
315
254
508
389
293
113
587
484
693
724
303
296
359
394
137
869
282
358
556
559
52
584
840
634
450
179
176
946
597
44
520
129
264
25
679
612
939
428
552
929
36
574
292
887
899
796
730
445
282
123
527
605
411
142
51
115
954
957
142
793
913
240
941
211
199
395
894
708
463
777
586
8
857
516
770
390
842
894
714
925
87
463
932
890
893
335
926
792
961
580
841
439
484
415
471
92
954
8
534
421
447
452
113
515
17
660
36
126
955
21
488
388
112
458
875
490
355
409
136
550
830
241
340
39
151
231
963
985
179
438
404
464
221
956
605
424
789
291
560
978
147
973
650
885
178
688
833
491
547
262
868
134
393
63
239
326
594
88
705
666
749
889
412
544
741
991
860
845
417
937
320
191
28
612
118
839
792
220
723
711
1
285
104
399
274
449
747
425
221
253
167
727
529
406
419
430
152
894
779
75
141
838
792
321
654
430
789
154
779
179
331
374
842
650
606
716
5
120
885
479
886
83
270
761
936
407
579
508
270
486
64
500
677
176
947
495
283
239
217
604
158
404
946
438
977
404
947
147
812
821
783
6
517
828
42
678
572
895
680
931
99
734
443
506
364
981
626
754
758
508
667
209
66
41
822
177
989
564
882
440
169
486
485
920
461
687
583
156
620
652
915
940
388
301
190
753
703
108
287
989
929
604
221
730
388
399
469
966
35
965
281
873
308
802
128
249
870
379
615
622
716
52
916
892
303
288
645
815
333
438
556
213
646
418
149
374
870
257
790
132
812
648
39
36
490
201
798
694
2
383
208
269
479
119
609
150
166
216
81
575
861
883
525
328
201
242
565
427
80
303
236
168
966
598
304
56
520
640
840
474
596
445
100
905
593
436
110
519
331
880
266
486
368
522
280
429
100
803
502
504
84
66
679
110
390
60
786
418
642
838
495
389
402
909
329
756
796
122
703
856
591
972
633
935
400
818
601
327
407
18
88
206
194
29
371
964
866
426
285
656
106
316
634
259
647
730
958
781
290
468
864
487
122
878
912
693
42
617
891
579
45
803
886
139
639
29
818
857
989
174
990
153
821
618
552
966
794
691
16
165
458
34
269
817
511
333
598
465
605
619
204
24
591
822
31
326
509
698
202
442
276
132
393
448
953
869
338
886
998
649
190
228
302
793
228
692
318
230
784
685
353
953
800
764
750
60
950
943
219
796
923
563
522
49
506
263
357
92
766
776
950
738
472
864
587
751
605
769
703
461
709
792
467
206
597
835
668
256
603
766
4
527
415
348
263
540
895
166
664
840
781
374
633
415
183
304
102
439
97
215
842
357
779
304
717
245
525
767
754
657
77
40
667
298
572
404
148
77
279
590
891
314
873
602
161
733
665
47
749
620
285
30
282
286
471
19
609
947
786
242
955
479
473
266
8
89
638
662
634
644
395
23
481
792
813
922
425
395
129
551
36
995
206
106
267
476
880
766
830
47
153
344
37
150
90
194
247
870
724
597
511
117
456
289
740
386
3
142
223
189
414
561
861
229
588
246
19
316
756
594
489
986
457
57
48
676
557
42
71
415
678
603
319
309
497
770
472
761
378
278
510
287
357
574
41
333
684
331
256
752
467
994
79
1
375
181
310
883
860
780
431
862
749
164
984
475
580
875
932
558
528
704
303
854
953
704
741
401
165
571
180
766
727
516
307
949
468
732
488
775
213
292
105
451
472
775
933
704
273
421
608
748
442
487
459
708
391
18
380
45
559
802
884
208
421
204
931
737
248
144
651
737
100
900
287
966
858
35
318
388
7
279
285
310
300
550
62
857
258
377
452
202
276
992
128
337
316
795
332
706
458
572
201
901
489
915
886
505
330
251
496
949
614
678
458
931
187
774
761
744
519
435
109
964
298
740
623
178
65
811
560
176
855
448
952
164
760
342
512
975
519
775
557
389
819
472
474
811
963
987
981
938
977
226
166
659
396
933
661
308
405
659
707
633
731
521
473
696
647
190
781
242
402
243
299
794
904
550
489
168
615
903
69
257
148
168
516
205
954
769
449
800
281
133
37
198
290
616
674
581
606
863
494
242
836
745
100
756
733
598
562
679
878
281
260
567
20
508
576
131
651
575
733
772
660
358
391
595
740
360
403
326
693
812
245
978
937
373
761
485
782
376
676
63
488
130
45
859
320
598
957
436
802
10
601
929
530
790
640
766
826
126
423
376
555
613
185
349
830
763
67
975
369
479
572
999
688
132
999
890
890
911
895
559
377
619
451
818
421
83
605
312
138
757
25
806
543
709
604
775
530
971
432
984
667
55
617
500
683
170
666
915
330
523
169
561
509
145
620
437
853
500
962
791
764
403
425
568
980
7
916
366
946
452
278
167
656
847
622
708
573
723
923
526
505
936
502
593
515
300
31
39
203
322
348
772
285
375
158
995
239
156
915
107
602
927
771
466
18
328
522
52
397
752
768
888
984
137
896
738
882
103
946
164
342
814
347
968
702
726
261
6
895
594
713
381
951
594
251
30
786
309
404
933
626
255
348
416
298
379
340
153
426
786
971
33
612
463
6
518
397
80
382
705
395
912
139
498
78
894
721
602
729
47
181
555
425
796
478
758
889
836
578
663
120
906
405
268
809
233
860
771
942
181
56
426
250
195
383
981
409
61
24
7
162
47
795
716
784
454
794
417
2
585
862
141
587
900
944
516
296
817
191
983
619
830
997
627
479
636
185
17
394
332
431
684
735
159
979
849
451
969
252
160
348
161
734
471
348
795
114
488
907
909
356
34
480
231
677
832
847
445
29
296
779
782
458
407
618
497
146
679
381
267
249
162
507
854
236
115
590
514
429
595
724
227
836
636
210
514
438
150
233
872
472
100
97
199
129
893
53
126
638
865
842
563
726
286
799
528
540
423
817
720
643
804
819
783
441
619
232
391
920
40
371
716
80
222
542
165
817
857
856
734
438
944
582
48
351
235
339
306
685
705
300
272
325
287
576
890
712
661
537
108
512
372
589
143
376
333
325
931
89
441
891
558
407
761
54
717
693
635
111
415
92
701
273
682
691
646
711
574
717
204
66
980
571
938
76
887
719
247
309
323
590
307
432
3
357
816
486
706
427
447
519
214
327
898
790
985
576
562
210
974
112
870
107
592
827
740
608
544
171
38
45
407
295
486
677
424
165
82
54
654
258
381
13
25
285
65
955
715
295
506
688
278
593
832
571
485
525
882
451
224
987
517
7
390
762
897
372
540
225
11
774
222
175
123
772
613
872
311
998
940
778
423
500
265
898
147
325
324
620
476
553
282
320
345
862
97
539
133
546
672
231
306
160
28
703
890
544
203
557
907
810
793
965
859
708
348
490
250
137
8
235
851
704
178
848
65
105
298
252
668
624
905
978
117
175
653
551
919
103
600
785
216
428
713
524
670
439
458
553
30
58
989
689
604
62
643
315
152
975
62
415
227
758
346
808
888
21
561
193
576
622
119
36
309
556
377
152
476
995
528
630
142
317
120
999
472
763
565
444
704
163
90
901
750
209
946
546
758
267
841
844
699
680
8
951
847
101
59
518
747
733
700
631
775
433
229
111
785
95
672
204
680
77
27
415
54
272
468
421
620
691
804
757
748
436
157
891
327
308
604
450
582
803
837
152
597
58
544
46
449
853
870
244
955
336
664
56
892
985
126
674
673
632
146
25
285
587
593
617
464
568
109
656
568
713
899
132
2
9
549
836
152
907
892
44
91
969
633
67
384
716
546
309
999
520
723
162
268
413
166
332
888
455
750
935
226
44
540
735
248
177
311
470
785
763
391
798
94
4
402
17
439
985
225
152
933
937
954
708
971
63
652
699
822
290
943
145
50
197
761
384
824
545
47
707
698
623
635
196
347
311
501
372
654
959
552
325
148
374
476
824
598
196
761
526
543
495
523
233
471
839
194
740
690
462
716
71
263
627
533
744
722
175
532
724
768
66
687
649
662
72
648
119
466
932
973
590
283
953
438
177
155
112
199
392
735
7
370
366
805
518
124
58
814
832
393
227
426
480
634
990
564
459
737
306
502
95
472
58
618
47
662
626
925
809
531
782
845
151
746
90
524
705
234
328
654
248
679
251
274
220
259
775
112
253
110
900
775
28
309
377
750
39
192
996
374
734
278
521
874
696
397
779
29
370
990
261
131
492
712
405
723
503
941
806
566
887
383
563
484
284
86
689
855
380
928
693
649
23
996
673
811
951
337
145
13
464
265
167
893
321
500
954
620
175
296
944
880
872
852
473
287
920
235
373
539
722
865
811
818
197
94
105
911
944
13
242
122
590
167
432
153
862
430
462
547
999
65
108
11
268
779
625
392
884
13
636
143
655
656
907
346
877
971
262
557
893
772
322
286
288
331
181
417
717
980
510
624
905
271
957
129
322
771
720
655
721
315
881
837
438
305
909
808
449
314
558
493
935
396
193
255
571
969
837
95
860
982
755
634
449
679
241
803
44
100
858
928
276
26
477
777
843
311
938
723
76
748
306
468
457
310
873
925
110
789
764
881
281
462
661
322
573
489
973
322
546
786
630
401
769
241
812
756
299
62
251
926
43
891
684
994
159
563
92
13
675
900
909
769
685
912
473
255
225
978
387
689
615
746
529
906
758
683
529
846
385
239
913
214
12
519
327
562
208
614
448
841
625
223
571
237
35
975
819
239
730
306
304
401
873
919
984
286
775
539
285
216
37
247
544
875
715
853
492
770
739
856
490
732
750
871
647
546
452
320
308
77
456
917
851
741
271
702
380
404
632
255
116
479
839
854
423
563
383
700
163
459
500
269
407
515
275
286
719
797
41
440
923
475
332
782
952
598
552
55
64
461
695
914
776
412
82
492
979
408
887
143
317
562
648
517
873
599
889
681
670
650
34
656
545
419
756
961
273
165
745
486
97
851
823
987
318
907
626
277
273
337
332
50
150
465
777
521
720
847
647
524
338
93
854
938
163
205
938
31
947
971
490
174
94
918
885
177
410
938
478
849
687
422
483
122
161
745
150
94
474
114
61
172
275
474
482
101
636
492
43
499
439
78
678
705
769
364
985
84
853
499
10
937
750
727
629
122
643
558
481
281
284
996
575
266
930
492
450
867
204
535
538
967
685
621
335
993
12
8
184
485
366
163
797
215
247
472
190
780
961
102
852
507
694
57
499
862
885
814
914
527
271
846
8
683
341
817
634
421
159
658
868
644
783
478
764
981
905
797
288
993
495
849
978
139
465
820
83
807
168
572
402
958
323
984
797
126
352
839
776
628
391
647
388
473
349
560
559
541
397
91
669
789
525
39
612
315
903
949
957
265
249
753
737
767
317
355
285
326
92
847
856
123
581
936
801
913
708
663
333
244
790
732
200
496
116
191
350
552
915
806
185
680
161
593
245
415
788
779
683
846
410
960
65
98
954
993
491
617
909
701
717
552
686
726
305
295
148
164
114
611
478
139
121
747
616
911
620
833
714
382
557
887
906
113
74
313
717
828
646
838
174
231
13
979
175
163
73
646
898
486
122
264
677
389
984
703
178
499
723
972
688
211
453
23
279
582
367
667
831
790
927
103
936
80
90
814
101
65
89
949
666
251
538
483
873
568
164
128
208
941
855
874
840
813
812
869
634
280
748
931
948
761
453
83
466
317
492
120
302
434
551
290
841
202
520
938
98
614
728
595
807
241
322
886
653
501
188
526
416
569
24
129
804
782
69
255
456
733
476
589
138
963
689
452
397
912
926
502
162
205
247
661
694
670
366
594
939
243
983
917
416
168
195
457
680
946
344
256
917
198
256
312
659
713
34
130
924
221
333
844
369
363
809
9
543
337
229
299
365
784
338
697
804
654
552
845
622
370
783
820
624
367
790
614
525
329
500
280
77
931
348
873
405
977
719
569
627
629
63
318
698
312
635
599
614
322
439
694
945
698
544
512
131
854
858
514
444
628
305
182
818
139
807
830
775
962
45
796
929
777
458
339
205
631
732
772
452
390
194
620
487
214
590
575
528
827
839
417
68
382
459
66
53
13
265
829
220
724
256
911
672
699
154
206
489
679
227
951
343
353
1
224
754
371
998
923
522
546
588
266
756
572
189
49
233
87
746
478
773
677
187
709
565
356
933
105
497
629
748
2
293
850
510
3
702
73
970
34
649
936
740
876
718
320
86
614
415
127
217
43
496
139
695
382
531
1
127
978
271
863
641
61
863
486
625
410
971
890
637
375
440
495
721
390
649
291
877
845
177
553
489
45
562
916
353
546
243
684
901
761
152
890
719
558
628
510
582
473
896
378
423
42
640
468
794
706
834
656
83
610
874
521
693
147
504
493
925
385
51
413
513
492
586
177
589
370
842
179
595
52
366
319
356
395
793
132
672
679
449
866
162
238
233
583
237
177
724
765
398
303
595
487
342
923
697
15
216
22
608
413
468
697
220
915
25
300
28
643
880
27
501
373
246
272
20
755
922
340
747
244
100
873
170
24
124
568
192
419
339
204
428
839
855
911
600
22
118
517
965
370
800
710
575
491
895
14
824
886
721
448
552
465
995
609
787
347
295
224
349
243
939
321
281
635
158
917
855
978
708
972
395
138
276
692
788
213
680
909
571
8
23
562
889
649
159
687
634
84
757
148
235
977
970
101
163
875
173
8
648
779
777
377
555
713
221
300
631
851
193
208
930
368
814
551
895
384
980
606
864
209
156
368
264
319
605
475
729
644
722
93
379
351
280
303
615
964
301
383
984
268
355
550
294
854
328
575
678
850
73
415
232
146
432
824
454
899
114
330
193
528
915
463
859
685
489
220
526
97
395
553
205
857
961
939
781
533
328
761
909
390
911
352
823
93
778
427
697
842
378
739
507
291
957
89
652
843
671
652
904
534
105
486
635
627
514
589
766
754
66
752
243
635
874
750
781
685
616
953
738
392
168
102
273
148
851
843
570
305
934
673
725
224
161
447
838
444
735
731
541
398
959
934
891
271
589
203
581
775
845
609
174
242
38
716
781
199
969
761
287
954
231
423
264
752
58
262
26
676
999
232
377
645
849
516
422
860
795
621
28
280
313
244
463
562
728
213
238
219
947
653
889
820
297
993
466
678
456
604
763
481
625
248
341
969
801
204
478
886
941
660
535
317
193
717
366
424
769
897
93
476
324
604
814
334
885
717
696
515
150
814
668
594
926
752
498
506
130
170
20
109
97
96
821
980
508
360
48
335
402
368
553
189
441
728
740
341
354
106
802
605
864
677
243
467
248
563
697
867
213
678
57
693
193
476
80
904
673
323
643
617
277
755
357
824
475
254
762
75
497
338
788
458
279
223
770
848
929
828
81
189
957
173
464
56
499
342
626
333
579
497
84
299
800
161
981
484
904
467
575
29
672
375
522
295
765
903
884
204
249
836
634
289
691
188
979
640
107
748
133
498
485
197
784
6
584
415
440
265
811
581
387
900
672
705
660
187
284
222
644
333
361
113
496
628
418
390
370
395
868
92
123
103
345
926
417
328
714
933
335
481
887
863
781
305
492
287
293
858
691
182
11
560
104
666
978
857
690
610
91
475
755
918
807
723
570
466
191
647
745
810
790
446
312
962
18
79
689
374
914
826
287
929
660
113
494
796
733
11
33
48
298
295
35
318
342
619
103
127
137
877
257
453
357
780
920
228
375
971
1
184
687
241
458
182
345
982
299
80
287
833
882
19
778
196
489
543
863
17
151
626
904
832
734
400
146
703
382
187
439
956
277
136
10
599
663
342
651
271
237
918
847
166
979
701
834
603
360
515
655
819
100
321
960
232
670
241
930
263
905
3
589
136
68
989
17
49
840
778
297
809
246
249
318
716
257
702
27
577
437
696
833
521
594
659
467
107
345
795
693
598
933
336
257
935
8
270
666
410
760
492
613
916
457
883
138
501
788
741
569
446
969
807
686
823
992
732
672
52
463
866
872
590
117
457
713
184
968
857
510
142
802
498
263
799
424
899
275
131
182
221
98
196
536
750
410
868
51
31
157
417
567
595
238
721
414
450
785
794
684
859
306
941
412
927
263
740
276
731
452
333
539
243
941
58
794
970
191
158
903
7
726
944
973
886
832
418
849
198
189
110
927
422
430
30
333
615
457
946
244
470
208
20
400
22
355
37
36
900
902
316
105
115
227
216
573
769
155
502
860
778
553
319
934
499
638
619
422
290
884
390
123
822
822
534
925
939
688
971
343
646
942
915
170
520
310
1
418
240
374
835
789
405
636
501
323
265
157
405
1
685
644
221
943
953
507
422
26
370
363
475
603
927
918
472
563
40
96
989
51
582
575
189
920
294
195
269
790
93
942
590
152
296
361
426
357
736
361
883
401
626
739
46
948
776
582
693
423
540
581
321
782
290
381
788
149
428
215
850
297
701
548
112
158
689
44
998
986
231
530
226
972
692
137
802
100
577
839
427
665
491
562
849
231
394
841
743
203
281
624
445
280
527
228
896
136
522
349
167
844
43
604
61
121
5
980
150
394
461
598
365
134
697
729
657
499
308
439
945
611
671
645
476
107
923
319
944
881
354
830
26
60
162
597
585
615
620
325
633
267
283
586
270
417
336
403
837
692
22
735
940
991
483
925
532
621
492
789
141
581
921
222
625
894
80
844
832
59
405
542
887
391
342
83
49
100
660
11
931
118
240
903
885
765
229
763
213
862
9
547
344
753
311
682
206
712
283
182
240
630
436
619
438
665
909
686
906
174
414
742
790
451
813
397
999
234
530
680
470
870
899
984
858
88
106
790
746
447
407
138
62
444
241
745
453
557
562
544
59
665
565
201
698
738
518
72
528
636
945
554
211
206
299
706
515
249
650
752
325
703
935
908
328
307
212
588
531
859
245
767
994
239
245
124
974
875
927
816
241
519
952
253
499
7
133
886
1
94
63
602
212
252
442
364
591
485
357
264
691
99
376
411
482
407
564
632
423
696
968
41
198
3
824
750
458
121
742
221
842
479
322
806
988
905
805
414
449
561
641
244
871
201
330
327
804
685
904
679
358
733
195
932
410
503
245
430
694
125
798
660
485
221
646
422
153
407
204
210
545
312
689
211
381
507
986
651
823
743
799
17
640
590
114
667
192
203
790
539
270
212
963
293
68
691
428
801
80
480
23
141
236
129
884
985
823
662
965
216
240
731
294
784
754
955
621
180
644
551
866
422
927
515
656
282
416
614
607
410
492
782
780
985
3
754
280
53
947
574
889
392
338
667
539
188
793
843
928
17
138
950
41
496
454
680
891
622
627
38
559
216
653
882
139
157
269
12
635
899
778
380
645
921
491
558
384
895
400
835
533
778
495
741
775
121
691
553
438
46
447
849
200
401
162
137
59
117
709
78
603
669
515
307
11
42
739
671
722
17
323
774
176
986
276
228
678
609
765
286
533
447
822
450
417
60
449
269
10
452
136
14
814
211
593
433
845
80
272
417
585
458
566
819
10
162
136
422
213
30
33
391
580
596
46
366
296
993
698
646
535
762
248
319
584
299
604
287
377
275
283
84
835
161
940
255
986
724
637
314
553
907
543
386
581
839
414
817
209
758
163
90
209
604
582
659
785
334
436
97
2
223
163
805
478
765
422
316
112
65
548
762
290
347
830
891
216
282
323
876
739
869
802
545
315
493
394
941
882
392
392
490
817
175
471
199
11
945
112
475
49
828
541
837
809
785
496
89
567
932
675
860
742
492
405
356
196
3
749
102
822
692
651
796
314
971
842
516
1
372
674
452
286
687
438
670
840
56
584
545
657
205
428
83
743
236
822
623
167
334
987
938
855
572
284
570
432
420
766
491
196
953
659
898
545
225
667
42
904
10
333
146
934
30
154
547
957
172
240
918
772
969
910
98
950
682
114
254
316
884
599
917
129
385
964
154
628
39
556
267
934
495
509
926
544
990
687
403
85
601
615
972
912
132
616
744
834
269
690
659
728
632
890
79
906
463
504
172
409
392
855
55
863
795
471
174
675
562
882
162
746
348
542
201
203
888
770
365
149
745
433
799
399
839
10
310
704
647
483
694
565
746
423
197
342
192
634
829
867
193
897
597
53
918
999
115
728
619
165
214
155
288
159
531
168
453
705
740
702
212
475
134
26
905
35
827
237
136
91
330
877
502
22
387
197
453
923
847
21
394
894
278
407
701
65
949
486
943
740
692
245
824
551
527
77
791
807
554
96
797
900
801
329
158
847
969
105
6
622
992
247
916
205
473
448
704
831
723
198
991
301
740
921
829
262
280
155
922
233
273
702
907
199
999
59
584
954
447
686
321
125
745
226
695
15
993
295
951
801
364
47
872
73
529
179
77
12
94
931
412
23
451
241
444
938
911
751
150
731
634
296
776
9
333
531
904
871
854
177
717
588
702
144
138
671
486
543
734
891
622
269
564
811
389
474
418
741
208
759
197
73
365
442
501
141
193
127
656
367
730
550
308
854
5
382
985
772
30
650
146
254
753
409
758
694
65
361
715
255
370
854
310
702
309
578
109
799
450
570
331
524
320
194
641
806
785
938
79
453
165
335
238
484
471
491
486
617
652
189
126
257
193
650
443
391
972
202
252
640
666
458
728
539
497
835
699
18
529
738
647
784
214
220
75
623
734
383
30
961
999
783
574
519
320
488
812
527
182
166
438
352
661
125
439
438
445
4
113
470
431
341
476
106
327
15
546
293
15
812
637
731
953
313
8
771
241
316
18
467
742
351
626
445
199
416
322
670
461
294
214
910
307
733
286
892
95
104
186
651
480
836
399
375
242
385
825
872
708
402
565
790
830
380
416
73
577
798
681
674
354
410
705
375
303
141
565
803
417
656
987
778
305
162
576
688
202
626
454
159
921
781
915
35
481
32
626
967
721
932
668
185
272
754
455
335
195
917
805
263
39
353
433
10
529
927
576
439
317
641
453
181
722
478
522
54
565
412
270
565
853
43
192
637
247
264
524
567
925
673
66
589
686
485
815
141
226
268
90
135
548
738
723
307
670
990
314
759
262
899
778
984
483
310
49
614
662
187
10
77
35
770
467
796
754
449
887
151
985
221
688
640
75
837
414
251
962
928
106
945
643
79
762
748
677
913
337
353
799
883
298
320
102
135
469
79
567
905
131
75
450
243
396
532
100
674
575
712
232
595
299
863
216
711
208
451
235
458
515
982
878
817
182
365
438
674
506
689
85
476
564
535
667
845
555
779
528
215
783
342
572
827
523
387
331
626
902
360
389
269
103
101
746
16
114
117
794
974
348
709
986
333
75
24
92
967
452
696
873
823
155
500
298
433
905
88
623
225
380
754
602
957
403
576
499
589
781
559
376
15
20
9
4
316
61
480
272
735
181
644
881
116
747
406
22
580
428
653
779
511
706
205
194
139
704
54
446
10
702
808
953
744
248
284
224
449
971
825
345
717
154
343
744
118
341
593
851
464
929
145
702
961
820
817
408
202
372
972
370
373
782
948
585
456
655
67
838
796
751
223
736
654
400
453
343
8
81
926
827
487
75
930
656
29
672
564
825
815
437
107
7
536
790
321
260
783
856
766
112
239
28
117
590
132
351
251
513
957
262
98
72
77
328
768
369
854
635
572
250
659
640
89
328
261
727
315
462
823
35
53
911
385
511
247
69
659
149
740
265
366
98
426
661
487
483
592
844
564
213
104
530
634
619
521
816
13
570
256
549
412
869
658
756
930
8
16
525
406
969
437
634
583
916
864
585
885
313
222
792
353
600
72
737
244
685
652
481
206
75
121
921
312
989
200
510
569
629
70
612
112
1
58
416
504
998
671
43
18
998
657
917
967
367
916
940
61
246
413
609
787
415
323
365
949
347
232
14
83
948
657
623
227
403
291
434
106
89
736
283
248
657
38
135
663
393
697
817
926
740
96
859
739
870
16
368
361
333
568
191
848
305
174
893
490
346
177
985
761
818
175
256
283
909
324
714
290
127
968
329
792
848
390
487
655
336
699
376
771
924
417
664
140
216
5
815
800
516
397
765
482
907
297
239
217
109
840
902
434
269
995
257
371
662
212
216
840
903
777
624
683
23
533
281
726
40
543
842
565
124
742
907
606
183
663
67
228
315
261
721
104
376
418
548
977
451
861
45
661
333
63
201
722
60
563
620
461
920
503
390
666
894
933
960
380
744
943
393
125
367
739
327
735
184
742
401
918
257
353
592
139
417
493
255
492
610
911
144
600
615
331
991
954
32
891
404
64
744
839
397
872
666
320
909
750
661
974
146
40
461
253
345
778
480
260
544
260
224
728
655
343
225
460
163
984
376
527
561
580
446
842
857
310
661
946
426
984
819
830
930
522
336
706
149
378
166
755
852
356
362
432
330
206
302
641
543
771
891
946
944
808
706
982
515
443
882
847
182
515
467
44
288
451
951
94
861
72
561
244
315
97
445
770
282
895
661
589
565
717
530
894
210
78
53
2
720
603
873
235
737
976
517
208
449
756
653
452
392
520
890
850
862
437
149
588
237
985
634
842
840
933
781
329
903
516
766
799
862
849
163
933
819
816
5
320
63
985
157
299
458
6
304
687
383
268
634
770
963
129
140
727
62
289
225
383
431
478
86
773
289
840
927
860
253
203
698
211
4
735
416
131
425
748
183
551
231
70
963
299
562
918
138
522
454
383
596
802
815
835
330
820
770
845
956
78
421
692
658
551
819
863
201
940
414
11
822
334
881
427
10
58
549
896
95
1
564
697
555
263
853
203
396
216
884
8
937
744
711
938
644
753
40
750
856
724
335
629
403
915
283
140
598
440
57
983
52
883
428
936
215
270
909
530
943
649
52
168
816
798
987
307
917
349
784
400
437
183
674
345
541
27
507
568
186
812
495
431
907
460
257
410
931
647
985
692
834
688
819
223
7
85
212
605
865
916
505
640
147
612
581
556
642
391
960
484
668
969
442
335
416
658
278
310
166
82
863
434
10
14
421
825
27
511
638
4
652
80
906
213
944
302
882
315
497
395
364
561
463
998
9
953
906
232
796
66
933
481
279
912
777
469
268
671
429
642
837
439
805
552
827
806
642
961
957
115
741
841
514
332
863
306
263
200
328
819
432
799
213
255
41
930
760
848
157
656
399
369
96
719
323
174
937
463
789
56
307
710
630
624
763
408
92
629
756
307
605
679
685
649
285
724
649
618
891
317
308
803
286
731
576
710
659
727
245
488
82
853
431
314
621
229
993
24
705
211
476
391
671
880
145
903
69
337
354
893
56
819
721
923
564
68
370
78
86
570
663
982
846
175
44
626
653
847
861
649
776
736
513
45
894
66
726
325
978
536
278
745
40
9
962
443
786
991
399
436
292
199
347
778
993
450
252
574
768
868
159
33
659
264
715
719
687
20
789
777
159
514
642
900
758
610
64
52
977
854
640
67
71
791
831
922
209
712
790
932
906
812
423
931
641
960
577
908
225
481
959
484
76
470
142
520
591
838
451
567
743
360
511
941
110
774
494
964
549
196
791
522
779
389
737
63
980
427
888
247
618
179
289
819
549
874
28
528
823
270
268
214
913
144
718
525
90
197
69
552
454
272
487
694
431
624
947
917
130
245
831
370
236
889
84
679
635
460
632
578
830
772
987
235
787
340
496
687
606
55
36
932
501
27
925
226
80
894
736
844
8
112
871
98
911
36
934
326
852
677
80
530
221
625
560
314
344
309
459
194
470
733
652
289
616
536
781
53
448
106
778
887
610
453
353
987
827
771
82
906
908
748
19
364
58
205
381
38
109
197
603
201
869
42
436
575
42
886
746
725
420
285
802
441
359
354
877
850
11
963
259
127
628
723
520
998
49
861
542
625
163
140
647
550
848
19
921
668
817
72
770
288
239
886
240
110
490
829
519
246
267
689
602
465
558
499
497
787
509
100
296
667
406
520
935
577
210
138
621
169
15
50
135
873
461
869
758
645
610
418
79
197
436
137
925
439
286
864
938
212
890
218
349
755
288
808
96
585
651
693
49
272
183
703
876
182
508
228
240
685
888
978
944
723
973
537
590
830
367
272
371
817
565
227
528
541
202
664
334
204
683
462
996
880
55
739
500
713
582
215
601
167
61
955
806
421
16
41
843
357
249
286
841
869
196
476
175
89
788
568
831
34
388
599
73
541
747
818
798
539
519
939
585
593
342
324
385
340
981
300
246
737
56
333
987
336
457
868
886
351
326
686
774
267
547
956
43
678
965
302
76
912
486
740
601
965
490
209
45
69
61
430
411
889
239
257
93
399
876
210
103
37
201
528
114
552
494
641
857
40
849
657
457
68
345
272
131
658
430
21
375
155
113
298
403
219
144
559
106
183
191
791
25
980
335
654
314
775
827
204
535
618
882
729
428
956
826
103
81
211
577
494
249
451
457
482
293
970
715
807
308
143
526
981
464
866
371
295
381
579
11
819
162
23
13
597
638
756
910
109
19
462
708
820
763
492
699
546
662
659
343
511
818
300
909
723
156
758
132
162
595
183
344
326
650
828
509
863
219
603
292
972
231
609
405
475
638
357
379
221
285
736
441
160
14
402
503
469
263
127
549
703
687
97
264
682
890
246
259
536
916
796
195
5
86
132
270
241
557
95
390
962
429
49
410
454
677
676
231
66
108
726
505
479
965
419
855
595
212
582
676
952
85
577
160
447
517
26
248
540
741
934
822
964
167
242
819
582
944
684
310
111
259
578
944
849
862
165
12
827
566
371
473
22
575
390
638
580
151
420
10
968
384
321
58
304
511
190
102
886
380
374
88
147
633
97
241
895
713
184
137
607
972
76
640
127
519
887
691
690
397
271
997
167
546
276
539
911
507
17
943
777
644
648
311
769
243
914
944
750
156
46
101
662
750
76
702
202
892
504
282
37
317
608
93
738
666
610
546
654
278
480
714
11
729
629
211
414
309
588
854
861
455
201
431
632
327
390
695
586
337
440
699
962
911
941
282
214
580
230
90
283
246
735
444
597
92
165
211
379
266
809
944
28
487
279
760
974
852
211
503
162
6
11
740
348
961
245
429
460
912
320
870
558
819
557
594
966
701
130
456
331
277
390
511
364
214
969
766
598
90
16
271
551
523
709
978
567
998
989
844
243
469
490
62
983
826
10
37
725
438
392
93
941
662
328
63
483
398
922
861
611
596
64
635
141
227
490
672
412
828
607
545
828
128
838
615
596
756
6
741
805
721
58
937
323
540
350
654
664
342
394
885
11
187
447
377
883
875
681
291
360
839
862
388
872
380
678
895
763
256
761
922
151
129
185
372
622
338
167
653
432
52
849
247
833
784
358
311
683
717
191
186
743
368
798
407
85
540
157
481
799
934
549
65
456
14
306
261
342
909
201
588
906
351
533
922
77
474
286
169
369
26
536
723
452
111
693
135
847
924
723
313
449
384
812
67
293
130
262
487
580
310
479
660
277
9
220
514
600
394
180
831
976
421
729
165
904
568
734
265
45
604
516
572
152
701
952
866
74
539
865
279
261
382
747
99
880
719
744
341
821
645
211
976
404
838
757
280
978
832
997
535
37
510
138
715
621
455
856
908
495
288
968
413
479
314
468
415
768
561
352
610
73
158
728
665
774
529
578
889
771
863
62
29
821
310
214
400
928
353
999
833
284
175
397
833
699
356
277
375
957
997
268
186
409
746
677
600
785
81
836
313
271
123
944
480
276
246
515
898
260
599
206
89
756
624
776
463
808
868
825
878
666
640
455
869
219
598
324
990
89
448
483
80
860
586
342
786
7
705
43
140
638
976
809
835
818
1
822
499
207
967
188
684
544
848
50
138
568
831
242
925
538
285
474
852
29
703
985
378
577
747
172
648
793
152
614
740
246
930
122
708
645
905
746
492
454
708
540
371
832
218
503
143
780
495
627
524
924
668
592
485
941
520
666
506
529
317
809
243
208
945
217
186
51
235
411
520
718
529
513
865
549
357
918
854
818
927
786
671
748
590
686
286
895
989
310
715
677
282
813
580
790
720
320
768
306
487
387
377
971
349
979
72
647
443
525
194
148
515
827
317
576
454
970
939
292
132
41
618
326
364
892
572
374
638
843
242
647
515
30
934
155
555
817
590
708
798
825
190
922
378
492
308
46
904
848
385
407
838
210
266
185
874
763
118
636
665
228
809
29
603
340
149
977
719
606
420
151
333
412
981
695
777
689
680
288
47
713
191
958
103
315
161
838
986
853
354
102
96
851
884
17
984
400
479
227
256
569
645
615
525
947
6
835
248
225
663
766
980
807
379
863
996
784
14
257
896
785
195
80
363
126
20
24
931
526
170
666
504
101
490
352
812
221
287
410
28
99
963
456
149
14
804
736
107
200
361
947
985
721
122
793
498
339
776
674
405
788
840
326
787
686
401
475
335
992
710
789
28
536
87
824
838
459
237
462
468
336
267
601
96
5
687
137
899
28
342
596
489
800
240
587
462
173
116
352
163
611
583
101
139
234
193
247
733
92
303
253
4
499
135
961
752
975
706
731
922
593
518
704
561
669
340
147
808
959
705
307
945
950
541
692
9
748
821
572
258
570
509
216
491
321
229
569
472
30
79
909
808
168
396
615
58
222
225
635
878
899
877
488
308
13
361
368
133
994
211
464
988
613
365
849
900
78
919
462
154
392
972
703
135
172
992
969
138
633
156
93
400
612
739
701
929
618
570
860
655
827
655
495
98
407
276
848
41
76
252
560
491
513
185
694
365
800
572
380
560
483
254
65
917
580
751
140
705
636
428
125
211
912
406
521
975
885
353
892
697
371
114
585
721
121
680
480
428
437
806
883
884
684
20
694
463
450
825
658
589
14
806
869
286
16
25
392
573
717
843
895
77
240
524
32
548
435
309
137
670
10
909
185
227
408
191
352
177
308
743
175
988
574
194
183
625
31
475
191
608
753
339
131
733
941
787
624
810
91
720
369
347
452
188
718
466
302
919
459
441
475
752
693
807
911
542
666
392
322
728
141
517
883
453
307
837
164
242
588
432
937
608
917
862
332
237
352
644
591
156
630
717
852
377
550
240
658
964
792
8
317
688
189
362
438
750
386
159
150
984
15
617
152
710
5
76
334
166
647
719
159
890
206
584
137
515
446
843
446
169
9
397
221
386
828
690
152
467
338
539
163
500
946
777
884
682
345
762
368
220
291
570
592
386
605
701
173
413
800
575
298
281
351
611
449
478
902
362
503
395
923
454
200
220
304
212
960
759
580
805
493
954
657
482
811
261
887
986
582
327
846
256
550
755
35
26
948
787
938
83
303
870
522
865
632
296
951
833
533
858
626
743
466
684
28
526
353
151
366
808
829
699
425
357
908
137
856
252
84
549
578
327
622
406
460
495
932
751
297
826
37
339
839
15
349
399
280
243
725
668
210
956
431
29
566
360
437
646
146
486
256
943
96
430
430
603
420
317
402
825
773
423
69
309
525
867
397
135
599
284
910
242
541
273
232
976
782
18
60
570
630
925
869
628
901
127
441
121
200
176
348
391
770
131
337
72
541
911
987
284
18
53
390
688
887
387
517
766
527
229
921
222
928
917
732
696
82
270
586
510
467
128
367
620
160
332
523
820
444
72
844
158
58
694
541
703
220
752
965
676
390
156
408
151
24
968
739
987
136
290
781
541
4
398
751
935
897
856
806
482
712
480
835
719
125
305
58
15
668
116
684
216
987
995
491
208
750
801
82
364
513
890
365
87
262
371
556
163
771
871
755
865
725
98
132
819
856
290
498
537
311
562
855
625
759
522
951
49
185
430
130
804
660
334
321
545
382
449
1
205
348
237
487
764
109
262
78
160
941
578
676
886
607
474
51
619
398
620
488
480
802
411
348
771
983
321
351
227
739
811
637
514
546
975
796
441
438
160
599
646
566
312
219
211
127
132
472
51
211
487
451
342
759
865
372
421
26
746
170
76
604
353
155
918
693
251
181
239
432
856
49
504
887
763
567
326
527
789
749
79
124
317
823
954
818
760
207
623
520
305
968
956
520
127
483
922
768
949
387
826
935
238
498
266
395
345
281
452
665
715
565
218
368
695
874
787
53
769
4
237
455
386
727
301
74
961
74
691
844
346
652
244
495
5
621
661
879
105
292
295
865
161
447
50
287
198
191
907
304
687
231
602
155
373
498
384
312
517
757
685
866
45
475
157
235
154
923
999
958
777
63
849
567
134
459
971
418
225
958
660
928
414
738
130
755
512
818
414
112
148
115
346
456
244
209
603
927
311
828
208
643
188
655
747
172
252
83
159
213
348
506
714
11
428
39
434
804
707
659
352
417
922
563
585
358
279
531
416
7
960
41
598
532
647
955
308
358
479
683
896
148
411
533
622
855
888
135
826
733
190
245
742
606
751
25
705
201
558
295
472
730
447
987
119
308
515
632
629
845
89
266
338
64
28
704
441
582
516
180
74
212
216
860
770
989
544
636
999
462
485
296
174
961
369
447
147
609
983
824
764
640
90
904
330
255
307
432
154
450
209
545
640
205
280
438
127
704
647
770
623
529
463
155
294
706
222
607
354
154
801
296
981
109
499
506
640
268
313
354
193
433
734
994
537
953
85
439
56
798
44
318
147
885
385
329
7
466
727
596
675
785
377
937
542
255
100
199
381
155
308
202
543
681
976
157
189
801
552
246
839
225
473
612
219
677
899
211
137
336
802
612
870
622
374
972
457
599
80
158
789
456
270
442
366
273
442
785
829
594
477
128
952
344
968
820
617
262
116
354
590
797
327
316
879
542
726
341
871
959
152
92
657
844
855
194
947
799
740
32
78
509
503
743
201
954
985
687
242
561
816
663
390
610
793
448
451
908
464
316
967
444
564
403
130
639
914
217
71
271
443
597
932
477
571
455
615
251
833
28
870
971
671
580
495
366
479
890
55
529
999
73
698
143
929
895
6
641
249
431
683
698
830
30
929
131
71
359
677
947
835
935
275
351
31
674
281
316
699
561
377
698
907
621
86
936
855
920
339
176
336
772
103
170
365
400
958
335
258
281
154
75
64
790
731
176
689
357
488
742
429
335
459
201
117
42
663
678
242
864
660
500
66
858
505
515
680
175
140
242
55
362
853
808
88
965
66
129
516
955
584
177
38
783
93
757
258
430
673
30
630
366
33
29
171
972
263
828
971
962
580
516
563
241
210
78
838
142
185
825
421
356
792
934
754
319
281
850
607
13
298
95
842
338
445
290
301
131
326
221
529
319
946
32
340
75
942
637
762
48
255
872
74
729
568
422
105
967
612
476
892
191
614
949
896
118
293
60
599
344
153
73
271
568
118
682
1
79
331
647
406
41
514
824
857
592
263
343
905
516
859
699
406
357
287
758
463
288
776
336
682
299
62
166
870
765
495
533
689
98
286
215
985
435
619
839
108
290
231
567
408
428
557
965
337
491
599
682
696
77
355
926
504
711
514
385
70
410
62
194
949
132
291
885
295
758
103
683
32
359
695
699
211
841
518
101
890
612
280
128
605
520
883
223
618
233
645
883
923
759
403
363
663
685
303
247
263
13
792
165
537
463
29
857
547
958
871
230
663
818
106
524
76
175
408
847
913
106
80
735
750
97
300
474
913
2
534
227
150
209
806
469
221
957
427
922
318
651
993
586
104
461
782
419
14
384
763
835
492
146
932
254
66
135
129
787
774
613
669
119
564
4
410
383
713
142
881
22
456
760
99
888
648
21
525
606
243
84
853
902
108
345
264
67
560
649
376
623
945
690
569
581
125
198
885
426
744
28
705
587
248
986
196
355
296
736
430
152
930
366
968
817
71
285
53
695
734
190
129
379
617
785
261
448
849
526
898
897
921
162
770
151
338
154
959
341
436
718
761
833
681
682
606
895
589
688
937
131
318
737
443
506
312
214
168
500
886
624
608
779
220
713
788
375
524
188
444
44
741
864
404
85
39
131
48
360
307
815
520
192
58
70
879
850
532
740
13
990
99
774
840
64
499
865
212
274
106
822
100
280
398
27
653
571
548
698
612
533
528
802
55
648
835
686
931
828
733
661
561
401
902
905
944
466
940
835
481
92
788
223
600
634
582
6
569
564
489
857
503
177
527
515
297
187
333
493
92
914
115
31
59
998
546
976
503
472
293
579
984
919
973
973
379
170
154
893
824
456
987
309
62
488
472
160
793
402
937
256
481
144
417
141
704
107
689
448
716
685
468
923
939
101
455
663
989
710
270
257
99
418
742
448
730
459
959
486
146
734
897
669
423
767
766
831
507
625
560
265
922
420
694
936
825
615
385
232
105
721
991
510
822
656
562
122
459
566
3
428
302
156
669
228
206
767
673
27
796
449
863
20
296
383
610
89
383
964
576
588
381
137
289
841
283
246
688
144
578
696
356
659
299
92
487
750
776
769
256
439
591
990
335
239
196
927
817
502
240
783
406
74
755
611
269
58
926
13
431
841
512
11
549
685
360
834
332
886
308
693
186
916
645
748
985
471
670
448
534
741
612
704
170
766
455
132
430
700
205
504
954
953
49
254
718
386
853
46
168
262
755
172
500
707
956
173
635
289
895
598
361
617
749
425
218
187
429
212
790
688
428
690
442
141
990
441
478
842
285
410
932
918
695
612
654
217
234
81
903
799
15
46
802
878
205
432
98
646
31
253
16
989
381
514
417
329
545
609
230
771
326
499
9
646
116
964
467
234
420
