75
228
693
76
290
71
725
791
270
596
469
47
771
649
327
943
203
499
367
180
211
623
898
476
207
392
316
877
537
972
65
764
238
589
465
485
24
877
817
784
424
490
52
575
737
764
805
133
429
373
795
947
775
505
835
265
709
846
562
667
422
735
253
127
805
443
623
572
668
770
77
799
844
299
393
579
219
409
563
883
796
927
981
920
816
581
798
71
370
115
144
372
396
758
632
3
860
877
584
889
199
559
403
444
59
545
925
431
659
996
615
130
919
840
217
472
391
168
352
401
572
628
978
78
692
115
495
941
201
813
593
371
893
842
275
811
183
839
297
978
553
247
715
399
510
683
489
839
11
424
336
720
721
785
667
296
815
394
659
972
981
333
815
490
563
903
244
647
907
277
500
880
687
547
547
309
163
435
598
143
723
508
896
517
953
23
386
838
641
663
680
836
508
408
302
58
549
374
653
782
726
19
748
848
472
427
985
281
292
986
478
191
868
555
803
488
899
758
173
272
371
135
671
660
604
983
311
741
694
92
309
806
199
271
95
35
159
699
418
36
998
476
667
156
953
870
319
30
530
810
278
109
794
201
837
457
392
107
448
358
927
623
986
487
947
816
137
32
756
199
577
982
880
457
268
439
993
727
162
332
225
585
416
509
673
698
656
29
235
418
223
37
73
170
261
857
495
587
657
737
496
638
722
844
626
337
749
566
117
443
710
955
527
430
183
989
210
338
70
52
639
646
574
279
682
638
117
260
977
484
829
668
459
634
354
422
23
632
821
304
296
140
805
45
750
679
667
536
446
314
597
492
423
591
845
156
468
332
715
995
38
577
572
921
78
56
430
289
843
306
407
59
115
189
455
870
290
48
8
891
938
320
413
225
578
261
357
291
530
526
46
227
218
744
55
142
853
621
813
472
76
372
734
866
575
836
304
914
528
496
915
796
932
741
891
596
332
960
528
848
537
791
882
668
388
737
349
191
104
199
846
337
414
144
152
863
95
332
215
289
928
570
256
29
607
893
166
300
256
694
26
290
721
288
794
849
75
246
119
655
277
895
283
480
889
968
3
122
58
516
72
275
413
945
987
728
184
231
526
508
821
273
705
217
339
458
267
942
984
66
503
231
87
755
978
249
139
595
724
258
561
966
393
213
582
51
125
24
78
390
870
317
758
298
720
652
56
218
877
836
900
633
910
321
759
855
639
689
795
482
963
453
623
161
659
799
589
76
811
400
184
296
110
805
94
516
325
853
302
331
911
379
403
65
79
192
468
40
507
828
631
387
641
534
893
740
44
629
479
379
149
772
374
798
501
143
922
793
437
391
3
192
825
718
49
229
49
522
267
605
303
716
420
628
213
497
259
252
854
574
386
334
571
203
638
767
102
62
795
895
867
597
648
311
734
594
850
634
377
119
1
881
493
897
336
929
840
946
444
943
3
306
639
742
881
675
258
851
633
181
153
794
731
707
577
649
64
65
133
832
101
931
369
742
646
224
471
784
513
556
107
560
936
15
21
824
321
617
629
733
598
932
216
588
272
699
167
253
363
589
497
646
56
522
388
683
915
744
58
128
274
357
214
532
334
302
942
585
952
241
612
758
262
381
909
248
614
604
268
347
612
966
328
643
294
357
647
901
720
283
272
592
433
102
556
769
395
201
287
131
617
102
370
338
947
514
857
262
823
234
209
800
131
581
800
449
753
737
356
385
508
732
155
504
92
307
159
551
108
10
836
181
449
545
819
51
874
225
243
881
999
454
114
84
870
23
899
375
553
738
280
786
700
103
126
587
17
594
763
87
746
350
387
483
476
175
883
982
556
881
948
855
866
673
548
397
149
640
821
399
320
454
839
402
275
393
541
585
970
476
157
233
560
460
455
624
693
184
608
546
594
417
236
869
815
899
712
556
75
687
470
318
570
578
190
760
810
202
734
331
741
525
715
379
939
646
915
134
784
745
72
440
355
892
350
236
35
313
65
11
430
81
735
173
920
668
882
941
767
699
580
185
25
46
816
602
757
448
905
198
21
133
184
83
607
356
85
929
152
935
788
717
279
579
107
6
344
1
681
628
830
861
798
999
946
938
995
468
793
847
814
873
86
38
592
424
605
741
222
209
768
220
898
583
234
386
767
834
383
143
533
252
286
686
481
244
937
630
298
753
907
327
647
651
138
689
807
600
464
980
114
346
161
626
734
353
852
616
675
498
965
207
641
145
262
745
548
345
836
907
782
38
933
826
672
4
853
585
133
890
187
366
549
450
783
742
119
702
215
498
329
450
289
871
514
209
468
757
158
991
792
644
764
690
596
692
461
419
250
981
940
311
501
774
495
497
300
245
173
978
940
372
180
336
422
708
584
675
242
565
969
770
613
898
891
261
619
369
95
658
740
775
429
441
872
111
851
750
442
811
195
406
634
656
361
919
774
524
750
6
95
565
423
530
672
38
344
565
994
833
103
276
621
513
799
563
6
696
967
700
369
305
93
864
452
115
398
285
638
806
212
308
119
880
166
722
966
130
291
979
852
191
796
269
764
289
112
774
660
667
804
618
215
237
401
24
418
670
504
830
517
669
303
134
461
561
671
190
456
242
973
155
911
973
394
921
617
88
539
95
651
308
121
228
179
196
986
48
796
703
82
873
147
307
500
755
391
473
495
428
625
871
419
253
856
324
69
346
144
659
327
59
378
404
340
15
283
215
206
170
252
10
132
398
814
512
592
807
861
548
211
294
880
110
389
485
132
847
463
242
712
695
507
600
454
105
465
52
45
234
376
290
399
179
532
681
639
767
95
834
945
176
860
104
758
541
587
136
537
142
536
138
361
618
456
990
238
235
255
532
906
441
160
848
609
659
89
622
216
865
250
64
332
952
499
314
661
772
565
122
736
98
514
790
724
153
409
319
947
629
597
496
510
811
492
646
45
680
786
397
292
980
941
327
299
366
859
345
98
429
886
241
716
472
164
276
485
225
780
280
833
339
741
755
55
40
826
45
885
658
175
998
11
529
398
716
383
813
70
657
490
378
831
341
761
364
435
136
707
985
384
177
982
367
354
573
66
600
551
796
274
631
239
300
786
931
70
324
941
730
357
627
299
812
59
881
772
685
848
950
807
926
650
686
300
356
87
86
387
290
878
475
360
780
830
296
378
805
950
200
671
183
371
566
206
30
460
60
522
452
695
924
381
292
600
955
5
534
312
707
406
150
35
207
366
976
541
590
924
757
30
354
682
95
175
507
993
5
548
508
560
155
614
612
94
110
344
315
667
945
594
739
397
99
640
14
757
185
707
994
232
452
674
236
910
213
559
853
158
738
640
742
104
423
152
115
466
203
359
32
179
420
70
462
956
688
171
77
712
933
266
514
819
599
237
516
122
854
699
418
782
384
236
683
38
906
380
618
361
71
36
469
850
231
397
161
309
681
607
249
516
462
29
821
73
679
552
775
832
865
574
395
922
203
224
258
425
984
436
219
31
142
695
645
656
867
404
293
644
667
534
538
363
967
162
346
68
27
621
38
411
739
165
273
851
160
864
352
824
339
602
500
493
804
262
948
842
125
36
674
381
296
324
10
485
393
475
154
610
926
255
335
198
240
121
75
384
815
643
818
632
733
538
106
164
195
468
416
530
88
817
669
235
524
50
698
683
165
330
519
601
560
183
62
505
573
425
136
724
845
532
542
484
413
17
296
232
114
894
782
407
33
721
791
11
368
258
738
857
141
379
247
946
776
685
30
266
880
823
765
236
333
164
219
794
202
274
734
158
238
401
933
770
91
7
72
32
640
843
293
838
820
89
176
144
439
966
335
836
521
577
696
788
247
439
855
363
220
588
152
985
761
79
974
431
484
261
641
403
254
924
844
190
160
101
757
343
545
732
946
544
282
568
57
443
718
976
227
748
568
844
791
721
407
754
493
454
419
880
483
278
669
330
185
559
512
577
656
637
358
790
904
467
796
999
208
261
620
230
854
269
314
17
610
761
661
408
375
796
596
567
659
308
991
252
93
629
780
226
52
634
967
886
545
148
239
124
778
949
609
944
283
267
957
830
281
106
865
633
849
477
522
706
500
932
672
78
787
78
491
309
231
790
492
629
196
974
53
250
94
162
621
615
186
67
259
976
943
384
9
109
456
799
671
529
893
532
323
454
684
864
421
669
256
125
828
942
250
65
893
369
193
989
608
45
928
178
32
478
682
81
394
64
624
942
862
698
510
121
184
319
711
204
58
915
49
217
599
769
284
868
754
141
719
2
132
661
446
36
430
674
72
887
498
661
482
680
180
279
889
983
41
815
346
988
286
824
883
319
814
371
920
959
428
299
422
879
591
972
317
297
295
458
740
570
69
27
349
531
199
973
635
579
536
547
966
249
773
776
469
361
629
642
805
795
760
231
741
761
803
60
579
316
874
680
290
623
598
819
360
249
292
119
732
809
37
824
525
329
132
615
194
721
304
62
256
945
257
139
142
487
735
349
610
4
503
303
651
368
571
623
964
702
795
681
828
510
77
847
887
325
638
362
301
858
684
916
15
141
405
814
737
577
74
944
774
70
255
958
225
774
176
155
4
40
961
757
555
396
298
64
343
652
701
742
786
185
199
825
535
917
578
933
461
648
534
896
840
555
214
916
757
1
364
748
72
255
600
297
769
36
100
859
5
289
562
431
70
126
845
56
856
380
326
873
437
943
303
237
349
339
596
43
65
552
472
636
788
603
572
222
769
292
854
564
290
870
605
336
578
782
688
421
936
333
746
287
85
502
880
231
404
123
565
569
348
397
499
541
34
543
250
961
358
856
692
9
885
429
959
302
933
840
311
156
293
579
603
893
616
813
692
765
102
875
785
54
606
754
207
560
233
61
744
552
614
486
633
243
618
774
522
612
345
80
909
200
302
367
261
437
346
445
187
558
194
212
716
937
660
378
927
104
549
197
485
612
642
816
927
906
320
389
135
735
634
240
656
315
697
253
703
443
107
245
772
217
475
23
324
471
68
381
329
646
362
716
24
409
78
577
549
628
794
551
540
453
446
508
925
726
399
640
417
299
964
838
911
48
8
840
501
483
296
901
281
915
278
771
676
544
531
315
652
497
201
328
328
543
489
808
954
430
849
540
78
60
641
588
575
747
84
5
197
594
265
643
909
728
263
266
831
579
581
30
500
43
251
45
646
389
492
573
381
539
192
545
151
836
709
449
48
184
267
24
610
847
683
976
742
577
706
891
248
66
310
463
608
46
499
824
967
7
99
18
885
136
396
939
587
762
437
457
129
754
470
209
375
940
855
593
898
934
680
91
565
927
692
528
602
70
869
661
692
894
24
859
630
736
735
76
495
739
976
432
159
268
804
710
75
894
893
423
843
931
751
111
171
644
167
402
303
744
292
388
340
368
837
767
198
973
578
193
42
612
451
675
295
606
793
261
67
574
868
188
767
417
971
634
642
756
328
783
617
875
663
145
157
778
655
780
239
711
186
75
804
907
979
723
279
467
923
627
704
485
981
507
670
865
437
652
35
344
459
335
756
64
417
857
408
47
807
876
491
745
726
18
591
377
183
397
823
913
873
561
245
871
567
883
841
45
451
415
854
476
844
348
118
117
894
126
264
184
519
409
178
110
824
941
200
993
469
366
843
879
400
316
857
176
445
695
818
836
205
152
249
641
560
770
48
244
295
967
483
665
768
855
462
949
897
489
444
173
5
794
838
311
522
188
693
703
547
731
342
677
230
839
442
140
384
147
736
4
137
15
459
691
539
392
918
178
471
977
990
125
498
255
144
123
580
58
295
421
859
4
111
60
761
24
806
879
71
677
967
89
987
40
343
302
418
134
775
777
371
209
990
990
114
841
369
940
191
540
798
839
436
749
372
853
450
327
736
518
625
860
925
894
421
576
291
651
235
561
872
441
938
313
571
999
984
372
572
711
533
897
956
342
706
539
492
667
99
332
754
36
481
709
937
752
680
154
347
644
912
180
465
255
199
351
46
193
323
537
712
961
860
995
578
790
4
448
444
313
508
661
491
733
423
527
608
206
505
118
248
379
62
770
231
819
544
261
968
823
968
192
600
733
77
580
402
416
989
888
437
390
289
213
105
62
128
484
33
697
759
736
726
48
745
913
399
612
364
976
43
579
237
261
257
763
583
752
146
415
492
364
951
869
582
325
644
638
722
733
658
881
884
448
607
155
693
196
789
800
132
723
564
699
607
398
362
572
277
395
983
73
75
153
464
22
424
725
424
371
95
814
200
85
257
664
138
675
530
470
651
801
494
834
250
677
719
587
530
948
184
858
412
672
600
73
109
470
313
2
758
105
41
198
783
636
653
491
588
515
318
424
513
908
339
85
975
932
633
353
462
627
315
280
578
444
860
376
708
343
579
638
183
72
69
123
883
426
6
760
393
155
419
359
575
287
115
307
129
357
110
61
892
715
487
295
151
53
307
616
714
736
917
821
339
180
800
604
945
121
196
986
541
394
890
140
861
776
3
605
213
808
400
62
777
873
308
898
518
971
790
558
349
547
449
340
162
319
684
685
787
855
555
485
557
231
737
726
336
60
627
759
551
460
96
423
95
608
803
633
332
148
461
945
596
240
941
387
370
320
151
301
382
399
505
608
568
713
914
770
908
68
705
288
492
866
104
292
390
141
986
190
44
191
97
466
61
388
439
78
413
107
878
178
259
383
38
508
36
527
857
577
998
827
28
71
10
982
723
642
257
842
896
230
194
209
740
586
287
436
941
403
620
929
99
32
579
123
343
557
737
784
884
533
540
646
314
137
121
789
68
181
428
473
17
127
699
859
797
344
171
184
266
908
184
719
981
121
315
277
786
660
393
394
163
768
219
579
165
255
273
699
92
669
670
558
948
339
776
169
608
241
367
102
771
876
734
42
837
481
591
697
60
705
462
855
804
677
980
681
43
421
729
625
391
219
666
986
925
539
781
680
273
259
957
53
826
107
742
816
697
407
993
551
374
392
715
855
60
692
418
836
757
132
600
509
889
13
607
517
277
426
110
956
101
756
470
320
717
810
703
429
9
693
955
102
831
625
399
87
5
245
26
416
570
450
542
654
488
766
793
292
928
974
186
185
719
307
660
912
696
536
360
290
70
520
622
156
470
661
766
677
979
425
613
402
739
981
325
641
141
883
65
905
534
311
293
791
592
236
138
361
211
463
439
609
110
958
964
906
730
302
106
50
758
826
660
395
61
177
202
583
921
804
725
741
461
79
894
386
601
649
209
736
183
302
259
698
140
775
208
658
697
420
471
917
834
595
236
211
70
918
288
164
895
529
286
711
257
761
914
613
793
903
519
448
462
176
646
190
859
43
476
134
880
845
13
179
644
315
534
355
332
115
870
51
975
103
923
980
437
66
209
306
165
347
222
454
692
462
821
828
652
139
210
599
338
411
561
586
657
302
61
969
409
451
954
552
861
333
156
726
29
726
569
972
735
956
741
552
887
42
588
615
281
592
347
319
319
934
342
121
580
662
555
367
268
847
13
609
385
43
401
313
644
541
679
501
795
994
994
86
798
631
28
891
705
981
855
383
982
500
307
123
611
981
60
694
230
95
244
225
634
23
492
210
677
405
857
49
921
569
91
761
394
521
708
346
469
872
431
946
670
766
38
685
263
231
212
499
45
544
449
533
238
343
917
984
467
24
793
384
665
177
969
562
195
513
909
36
527
233
756
943
310
701
556
234
138
796
857
17
496
667
378
663
790
135
338
713
93
659
799
892
272
247
601
907
230
339
299
67
119
357
335
706
853
45
963
369
616
277
313
780
844
341
318
611
945
494
382
625
768
481
500
411
636
18
334
110
194
203
221
685
77
741
441
863
680
384
413
581
598
987
459
89
216
250
913
915
674
489
702
718
946
234
288
616
391
526
714
791
343
70
785
327
294
48
484
745
206
469
163
437
917
381
640
93
522
567
468
950
546
128
639
292
664
506
111
393
461
782
959
882
783
639
984
670
16
684
651
696
245
599
969
768
213
147
366
920
332
653
662
23
116
894
301
996
860
22
194
991
255
643
918
534
190
518
17
89
442
21
500
672
483
795
393
71
714
446
565
610
400
123
183
709
710
318
372
789
599
29
820
852
620
920
909
591
945
738
149
650
929
454
691
358
383
437
796
76
785
117
680
764
495
274
336
870
332
916
907
159
432
164
888
38
94
949
85
225
954
290
770
115
875
1
437
511
369
952
952
419
767
974
438
372
265
422
545
718
903
760
307
635
492
584
986
882
913
886
40
859
892
343
840
739
491
664
372
748
391
257
731
163
344
198
533
917
977
454
504
138
586
974
568
811
432
822
70
719
478
860
632
137
33
849
638
706
206
795
835
79
443
970
681
661
485
725
751
381
485
916
356
770
145
154
919
158
933
970
833
284
735
938
921
792
310
27
378
121
401
202
983
703
43
509
53
136
900
794
524
910
98
610
55
305
295
203
464
496
269
243
359
108
203
755
502
545
218
924
173
411
610
179
465
332
658
727
396
375
540
289
937
86
152
772
530
216
729
598
512
611
372
185
612
253
147
99
438
855
956
805
975
713
966
572
736
857
548
408
807
880
995
227
323
180
236
820
290
495
652
368
725
193
200
904
433
324
284
165
714
189
354
156
15
997
576
825
767
662
538
799
239
690
671
507
45
714
51
933
89
836
898
6
875
932
44
125
957
367
406
110
219
924
29
383
254
603
302
492
146
450
495
971
943
975
91
809
698
806
168
5
552
367
381
199
579
184
16
359
191
889
160
553
554
245
899
633
212
794
143
216
971
724
678
60
640
700
253
739
357
827
157
458
826
953
749
549
173
172
58
973
652
974
677
305
796
93
304
492
999
863
630
449
163
958
114
572
383
929
767
791
351
517
192
512
55
302
789
265
460
519
511
707
589
774
394
747
386
335
470
573
542
221
470
481
831
670
159
593
378
292
906
878
996
488
491
207
336
426
358
261
181
673
852
653
422
44
929
548
308
170
155
633
238
451
876
30
42
598
708
596
680
295
373
433
30
247
346
399
504
331
337
724
321
712
511
145
707
541
947
563
168
736
63
216
304
456
71
787
560
66
32
92
68
297
377
792
91
348
450
509
459
548
909
464
362
613
16
529
12
954
52
456
293
741
317
436
96
593
7
289
370
10
237
43
887
988
604
987
74
2
733
216
895
204
163
190
443
773
934
966
219
183
667
139
335
707
436
265
986
74
796
268
884
814
579
984
610
408
114
962
576
336
679
725
428
353
214
65
242
825
758
875
74
993
488
522
957
72
958
861
865
18
842
701
761
35
65
175
420
653
875
477
584
230
244
774
983
38
976
493
988
622
282
945
581
880
898
541
338
327
301
625
780
239
577
351
923
562
635
791
942
131
349
66
175
619
335
120
692
588
576
548
819
868
888
508
883
107
195
925
800
251
134
194
714
964
219
154
479
910
190
443
27
6
854
518
226
126
91
180
886
711
919
265
514
266
53
263
724
248
28
960
664
243
87
678
253
305
281
392
915
66
833
700
480
876
976
296
334
63
887
112
334
591
604
576
76
796
827
941
64
852
329
232
135
77
199
792
311
25
352
387
701
752
822
732
624
898
90
547
39
366
642
787
518
802
598
546
882
700
973
822
279
161
843
564
377
451
335
18
18
555
177
976
889
227
846
187
322
501
734
295
155
273
731
728
965
640
119
431
182
473
837
192
428
516
470
281
386
748
178
353
356
22
772
702
827
746
532
481
693
305
673
879
330
267
898
347
813
355
284
264
575
706
30
154
961
538
623
183
634
790
576
886
737
920
588
367
137
755
267
634
233
749
257
683
120
184
643
581
43
853
157
230
230
495
160
324
61
100
596
144
623
930
601
881
92
936
720
152
4
898
744
472
109
952
880
302
705
835
680
453
539
120
443
727
918
421
626
137
676
974
214
413
83
776
775
556
908
938
352
36
910
643
705
746
438
32
32
736
684
886
863
352
715
884
188
433
62
554
516
902
880
125
271
191
919
179
811
541
719
802
489
106
395
288
731
311
24
357
78
762
112
382
540
226
828
434
91
859
6
591
941
227
210
459
820
244
767
656
775
948
43
7
878
653
864
543
936
861
839
927
166
680
297
844
953
984
650
817
327
8
992
769
858
22
894
829
269
616
666
413
800
703
156
100
616
567
386
92
861
484
330
145
380
236
686
112
62
774
880
813
165
511
992
580
678
446
229
656
310
150
546
464
812
500
720
305
839
985
948
372
61
740
130
193
797
472
984
273
510
51
964
337
516
181
498
979
575
23
962
979
249
235
963
196
147
181
494
120
717
400
846
566
386
764
346
381
731
907
827
536
751
301
753
368
173
172
791
341
130
118
326
837
433
337
937
408
539
874
545
241
94
26
418
606
703
84
594
626
817
97
320
806
724
532
168
487
949
675
272
739
383
232
342
340
612
513
184
219
839
781
963
195
928
483
186
555
394
113
607
116
983
307
636
231
220
13
660
290
884
40
316
119
276
244
547
642
977
854
101
849
187
284
210
395
955
751
530
711
986
554
521
761
851
292
631
256
22
981
772
157
667
882
468
830
816
772
907
787
891
621
341
654
452
318
524
422
964
212
96
479
636
935
867
874
584
445
171
84
988
124
663
759
376
89
344
310
75
943
834
158
387
609
108
500
591
4
23
422
261
252
404
191
704
348
857
567
599
346
213
465
874
488
728
274
480
270
814
106
818
307
957
505
255
284
145
247
161
59
99
909
616
19
144
107
345
682
74
248
922
643
687
357
816
886
929
554
997
334
545
60
697
973
375
87
961
641
246
116
786
282
952
897
113
259
366
632
43
919
66
220
995
732
218
132
595
820
13
584
82
780
51
688
923
930
603
722
297
539
814
987
769
627
160
677
537
840
13
568
140
579
990
638
700
240
718
688
934
196
754
330
710
418
358
690
719
889
797
549
531
172
352
88
548
490
872
203
928
421
932
513
752
624
119
530
52
697
48
476
433
649
528
967
799
462
222
911
53
421
732
923
150
184
349
42
891
209
404
139
677
82
375
121
377
912
403
346
21
344
988
152
970
393
431
822
775
864
744
594
942
39
614
265
265
709
499
936
619
66
518
523
461
923
389
623
624
308
441
71
347
622
191
773
359
673
113
387
440
195
792
549
150
375
981
561
419
248
385
558
94
151
923
656
318
235
356
706
781
140
519
299
527
307
204
689
51
613
988
749
324
698
446
872
62
266
421
81
168
569
446
422
338
236
668
135
489
483
4
850
733
283
980
97
511
758
305
34
268
173
792
476
988
756
537
815
266
721
581
260
743
314
224
537
527
453
857
14
585
354
776
176
247
912
484
860
828
199
854
555
206
943
100
432
279
896
975
834
920
791
329
174
459
584
215
565
788
978
977
421
27
908
352
885
462
666
473
234
890
639
359
239
278
90
882
525
829
260
532
765
327
911
235
331
856
839
398
794
719
273
601
315
597
599
303
355
925
104
700
730
327
591
72
170
128
549
493
615
38
295
580
635
985
742
136
549
111
586
343
544
947
982
674
504
525
277
867
825
344
115
186
741
346
356
143
163
872
705
739
845
838
3
189
876
973
952
109
153
139
864
524
708
558
691
684
564
48
862
170
553
827
27
67
106
45
828
237
115
659
555
980
963
811
815
626
425
878
188
543
300
992
588
54
549
337
868
239
394
325
436
679
926
91
707
529
607
747
636
747
742
991
85
193
531
322
193
223
60
194
124
978
404
872
706
917
704
175
202
645
916
994
264
603
27
688
390
85
774
980
701
609
907
647
335
98
497
107
717
607
73
291
193
426
110
779
824
216
748
541
192
769
370
274
961
617
400
901
765
211
977
477
417
854
592
765
134
422
921
392
604
347
43
870
301
614
382
148
158
952
359
984
823
741
382
324
239
347
997
246
302
303
296
540
815
229
378
773
966
143
147
872
649
963
231
543
343
855
686
99
531
384
913
548
732
369
34
868
220
964
508
29
965
23
748
199
841
305
997
728
628
844
425
350
17
22
708
447
584
795
303
479
534
48
915
162
806
759
241
171
319
914
123
974
70
481
769
173
152
848
327
431
270
803
105
477
294
135
435
917
957
825
494
712
226
289
838
753
556
276
780
872
481
741
173
413
487
246
574
867
62
820
117
882
173
717
478
962
420
999
625
866
761
483
824
758
719
724
790
783
876
66
837
341
555
768
846
567
70
339
634
315
619
781
944
830
286
301
724
250
692
555
35
23
954
266
937
348
760
951
756
841
860
840
259
26
195
719
443
48
313
828
624
671
437
835
589
5
661
556
299
57
264
424
78
238
724
601
338
609
466
917
276
61
415
32
549
78
698
838
107
152
360
35
449
432
814
403
454
551
945
419
107
416
429
597
769
335
194
419
591
701
589
412
771
232
405
330
17
884
580
166
94
385
86
947
639
580
779
616
450
569
334
82
48
227
184
774
843
243
992
486
385
841
675
449
583
374
321
558
816
710
370
103
880
247
376
835
327
663
894
161
234
853
152
345
204
678
65
905
117
23
771
11
291
857
929
438
727
513
62
829
344
510
1
264
18
691
672
70
254
947
939
6
936
616
814
831
108
6
690
996
346
199
537
288
36
23
567
291
438
39
450
221
936
598
365
695
368
88
458
361
682
238
465
413
805
829
575
514
48
868
930
783
561
845
363
318
636
6
645
353
664
483
612
438
859
578
367
787
920
506
460
386
590
336
721
443
236
150
680
581
622
355
184
607
268
90
234
891
277
388
305
651
69
493
761
401
347
294
364
525
982
903
738
258
511
557
901
572
993
925
819
906
211
795
163
614
162
226
829
234
55
74
341
556
898
449
171
234
598
469
902
215
340
970
760
653
871
336
956
780
209
124
483
407
286
40
921
373
149
916
236
590
735
980
72
421
563
724
958
751
849
883
667
608
284
338
583
17
45
54
999
737
32
177
387
773
194
465
838
814
271
154
247
473
448
189
741
231
936
203
309
161
659
869
462
902
105
936
312
552
370
158
409
181
935
960
514
120
980
642
377
113
429
330
431
585
810
577
132
316
234
482
165
197
899
527
9
92
211
917
422
819
589
953
797
309
547
223
718
752
445
994
946
353
464
5
94
60
197
635
936
693
609
402
786
68
992
189
189
384
500
576
769
847
910
851
222
846
883
191
756
802
174
582
534
302
579
699
7
795
722
154
521
737
177
7
953
284
940
863
139
976
303
31
709
259
921
638
37
695
554
802
802
504
530
871
157
867
561
425
424
390
968
603
125
351
314
968
104
151
833
213
701
61
27
191
133
410
262
439
941
538
503
617
789
120
991
226
849
534
50
857
104
481
527
878
751
172
347
593
626
31
110
260
584
399
640
406
242
966
277
732
571
214
257
691
733
779
435
67
473
142
461
656
967
758
236
345
198
897
202
906
897
970
280
119
632
14
67
830
885
936
544
51
890
253
777
819
601
718
558
886
170
958
917
504
675
48
891
544
247
962
116
686
629
916
554
81
561
577
985
881
950
118
269
127
308
712
338
210
572
948
693
975
592
470
110
314
457
90
339
122
261
958
723
235
794
961
929
124
509
839
774
556
343
365
620
55
589
444
731
82
314
600
919
893
104
858
434
762
503
815
106
904
120
946
460
678
575
564
657
15
234
284
124
127
984
836
136
135
660
639
789
75
601
67
979
919
151
33
776
684
593
246
790
322
984
387
781
141
996
698
395
455
969
443
121
847
241
590
98
810
662
2
81
739
966
195
948
987
377
253
865
719
163
451
979
940
810
355
131
61
222
559
919
236
44
663
839
394
538
694
345
558
12
844
296
841
641
86
551
942
673
329
560
253
335
460
249
7
954
494
443
393
166
598
248
376
699
58
496
75
81
429
890
834
446
604
507
64
469
930
386
497
922
62
753
643
303
817
513
564
603
369
157
509
448
727
358
312
177
366
56
589
785
158
201
852
209
444
644
191
550
1
768
400
616
454
966
141
810
125
644
521
656
924
874
19
651
960
608
76
158
666
497
210
192
156
698
317
969
677
607
548
273
167
586
24
406
109
980
352
250
591
51
461
745
35
919
98
705
714
889
3
710
129
662
924
985
301
584
247
191
433
534
434
852
787
353
714
772
352
1
821
948
173
380
989
813
412
656
847
196
80
324
637
892
974
966
990
490
978
785
313
551
590
485
185
985
964
286
348
413
904
102
731
30
621
375
258
172
826
730
146
69
882
942
120
167
934
514
992
815
948
98
918
859
268
850
832
190
973
50
612
899
568
44
966
726
918
287
893
868
524
703
632
165
552
657
919
314
294
97
516
448
790
68
709
41
859
989
678
265
478
298
77
749
162
900
28
688
789
157
315
722
626
368
606
862
909
583
343
705
383
935
108
454
18
975
583
593
950
158
528
619
618
734
911
372
758
50
508
869
438
637
192
339
244
892
915
911
878
708
449
980
723
583
255
777
185
121
327
803
496
826
11
919
319
361
113
874
994
250
30
695
886
265
12
626
149
639
413
136
109
797
682
269
447
171
450
731
800
51
873
198
747
150
140
337
708
839
589
393
437
663
427
887
898
647
936
647
414
484
891
797
299
247
266
930
374
909
425
591
877
646
948
269
478
222
40
535
687
858
304
313
29
868
393
177
498
159
617
667
876
281
214
947
718
585
66
325
692
425
126
725
65
286
90
716
984
217
254
424
308
593
960
990
343
439
27
183
533
166
241
146
30
490
692
679
235
668
270
791
738
552
834
813
858
916
795
993
83
814
228
499
466
859
265
177
462
796
525
388
568
267
762
561
171
113
554
248
965
794
573
965
781
515
855
424
107
319
663
399
13
431
696
644
663
397
371
66
38
368
880
927
206
834
147
371
44
701
428
904
641
347
394
209
907
191
780
805
342
344
992
320
541
431
493
868
657
899
356
434
448
199
180
569
605
816
9
93
290
899
808
22
291
475
677
171
770
226
151
24
815
278
204
562
142
19
810
590
659
251
239
309
285
90
858
816
51
119
310
714
201
333
107
788
68
815
770
641
965
657
878
211
872
55
575
7
23
354
865
864
616
591
171
508
372
553
536
894
617
87
975
801
555
139
795
716
997
713
49
177
317
174
332
418
773
606
24
44
494
406
100
85
253
10
175
263
10
9
10
68
870
681
979
503
183
528
648
458
539
13
508
174
66
508
662
97
694
698
899
845
504
831
394
350
529
911
371
263
362
822
13
504
541
856
656
871
296
137
542
144
111
987
509
58
585
313
229
177
55
370
323
522
756
695
731
990
354
507
886
849
974
404
259
929
889
450
14
20
333
719
406
238
325
554
194
65
946
117
829
648
954
876
594
949
879
825
989
568
526
906
437
911
563
578
75
160
803
737
277
807
347
155
835
882
703
137
8
884
889
614
391
213
340
334
105
801
887
509
610
806
706
153
895
375
66
613
179
828
460
783
441
336
440
242
858
528
275
977
308
419
404
439
211
946
900
354
583
43
734
231
989
35
4
613
3
706
359
611
840
952
125
529
771
485
69
794
834
978
760
535
776
833
702
58
771
239
847
890
994
989
877
805
157
588
352
115
596
549
243
634
811
947
903
2
466
212
325
485
680
12
767
709
961
183
284
344
609
403
651
657
844
405
247
649
579
336
783
373
119
338
912
812
709
54
229
529
933
622
755
874
59
848
829
383
168
94
866
201
848
835
745
339
185
621
375
147
603
183
499
450
445
221
639
675
450
484
339
413
564
396
168
22
523
292
238
909
772
774
139
297
594
42
999
922
188
897
197
574
920
270
440
766
967
880
427
238
571
356
939
410
521
751
724
518
127
245
241
470
324
379
167
794
229
934
924
972
752
330
267
488
654
640
675
783
150
274
165
230
71
497
387
488
498
134
348
907
57
687
240
872
333
605
171
831
672
608
611
239
729
52
664
427
181
595
148
381
396
862
396
203
569
933
800
732
730
30
99
216
203
772
798
389
133
671
489
853
117
330
933
25
849
782
692
243
892
333
9
193
739
655
487
606
401
634
328
83
284
147
883
486
635
575
320
135
733
114
591
916
670
811
185
965
458
50
628
857
25
194
322
901
861
407
946
773
695
143
724
524
131
547
12
709
741
81
431
671
643
428
691
211
413
771
404
590
644
607
752
623
737
129
744
876
366
404
792
693
41
185
390
190
24
585
870
102
410
732
301
102
481
732
52
901
606
267
499
649
544
600
492
356
136
175
193
867
724
585
485
279
49
185
734
665
235
485
356
869
789
562
200
279
449
543
148
234
616
263
360
895
785
751
884
137
479
985
18
606
879
992
527
817
54
706
905
598
462
711
212
313
25
148
422
394
429
789
183
374
871
346
402
662
439
300
269
577
623
171
14
601
503
832
924
514
90
321
353
816
375
604
785
470
745
982
133
88
252
833
689
831
406
296
321
418
14
437
551
129
619
683
161
532
648
485
953
939
308
505
188
671
381
553
40
867
659
489
422
371
827
85
101
947
72
621
751
538
831
475
559
946
270
45
511
79
963
763
562
804
556
751
974
277
518
77
920
666
849
166
387
74
275
673
381
855
432
281
919
158
15
131
199
906
473
32
952
476
906
894
635
321
252
756
292
694
134
700
453
895
240
461
887
595
779
412
514
245
589
677
647
636
524
280
411
701
835
177
82
899
979
930
617
567
580
114
117
548
580
713
757
328
673
45
958
533
675
520
742
871
178
954
596
153
332
253
504
751
84
645
496
508
978
883
144
540
59
132
600
619
671
507
71
694
895
940
402
900
674
663
820
879
316
746
314
829
617
850
100
62
68
770
729
677
763
588
322
268
479
897
156
259
689
307
720
461
140
373
139
122
255
718
845
83
576
487
858
130
402
927
694
36
214
742
747
640
177
815
1
716
681
171
598
51
419
671
289
440
430
501
679
350
767
630
732
438
466
177
851
433
113
72
266
24
400
473
860
762
778
917
844
276
446
255
466
5
892
128
151
286
608
835
362
729
57
403
193
320
139
499
722
173
914
354
903
85
241
610
605
143
688
922
257
711
395
789
609
13
45
922
928
729
986
579
227
751
137
374
328
815
575
639
58
656
71
435
731
372
496
813
567
275
613
286
688
304
214
236
335
898
262
858
998
589
430
445
602
841
674
399
994
948
528
538
780
62
370
772
308
882
156
526
545
570
752
425
941
307
623
653
506
497
282
56
110
166
641
614
70
280
983
778
713
38
108
429
712
331
650
611
149
242
361
315
138
399
582
21
120
756
39
630
710
495
565
892
347
826
545
490
179
802
967
453
695
373
697
194
981
875
829
233
651
747
37
481
318
41
281
773
984
371
147
769
462
608
125
762
664
893
576
971
367
855
556
899
440
747
256
935
528
920
482
499
582
777
574
507
554
682
801
778
696
109
888
177
443
161
354
482
247
404
977
32
47
255
533
561
576
795
676
4
585
379
371
889
388
547
776
711
292
208
734
987
981
827
907
489
40
864
94
505
855
490
246
332
937
274
611
108
811
355
209
840
916
735
445
722
961
795
122
592
595
425
120
447
529
390
171
424
996
214
104
895
399
625
946
101
941
298
266
472
347
973
997
665
475
134
309
525
172
211
335
659
149
302
262
785
720
825
888
35
176
917
581
422
20
273
909
893
523
757
55
609
582
911
710
234
280
899
524
439
122
531
935
275
17
205
627
675
633
83
252
584
206
747
536
472
27
465
448
909
604
27
498
850
726
249
887
188
506
625
700
106
853
476
327
185
390
354
21
342
583
68
433
808
707
158
239
587
368
425
468
277
491
401
20
618
74
476
167
761
351
552
955
264
739
237
163
273
415
669
21
483
227
533
812
828
71
807
650
271
616
11
222
576
485
807
384
780
958
948
689
283
327
157
321
732
874
471
210
415
118
580
23
51
142
897
777
974
857
425
184
209
699
262
710
261
203
734
161
508
741
570
889
113
98
815
989
669
190
941
407
991
966
44
516
958
736
391
33
86
343
160
992
989
190
296
385
901
749
739
125
881
88
282
157
252
882
602
183
909
150
60
465
312
146
771
49
681
666
521
255
88
895
890
888
511
85
419
600
240
806
610
10
872
465
185
495
85
741
221
189
429
421
255
764
96
489
417
245
460
213
954
452
750
3
91
854
156
570
29
168
896
586
763
836
129
457
716
337
787
263
287
781
624
29
832
991
332
183
669
49
182
70
831
31
568
642
577
158
626
647
959
540
455
220
511
252
387
162
520
697
854
267
428
972
478
382
78
170
642
832
839
809
650
76
713
636
410
874
217
375
118
122
764
693
595
153
810
274
828
893
387
543
268
96
69
302
547
835
253
896
919
357
583
38
453
465
48
145
952
36
378
487
291
461
919
420
715
23
830
398
153
833
368
326
433
564
554
386
426
753
972
713
846
811
385
438
398
92
86
89
193
224
14
177
340
947
132
164
646
321
628
58
458
235
628
285
401
699
853
883
351
749
16
153
524
154
795
401
160
634
92
993
343
803
957
646
831
719
151
452
826
808
686
611
751
942
944
290
170
154
483
477
133
479
989
935
413
156
198
948
689
974
819
431
293
282
959
283
826
92
764
536
231
38
222
120
889
285
653
48
595
902
27
489
945
509
772
491
882
494
112
184
235
413
563
646
253
471
647
988
721
177
999
703
673
135
601
6
354
522
537
378
894
200
187
648
549
74
583
787
806
203
966
492
926
988
237
870
141
994
457
933
356
744
13
94
701
304
373
172
810
121
811
675
304
766
847
399
452
227
470
597
951
843
218
113
402
651
323
661
43
165
549
190
760
308
179
660
495
3
865
946
634
583
65
458
184
305
676
821
837
840
379
37
312
513
904
215
123
205
803
65
779
952
173
532
87
560
570
603
810
852
622
64
800
161
273
704
916
697
585
48
159
108
474
304
610
533
259
112
6
294
544
135
899
518
113
631
938
230
219
409
434
991
850
834
863
515
859
413
356
458
476
916
320
861
644
576
630
208
925
744
49
210
322
337
710
803
277
967
341
399
643
669
780
718
871
982
653
878
527
417
74
54
632
694
700
324
22
581
159
814
369
882
149
424
854
139
720
556
716
210
673
460
209
187
570
501
15
886
87
135
895
917
510
838
637
654
515
17
984
144
605
232
579
88
444
401
573
163
798
311
658
611
327
20
763
802
772
969
12
224
225
607
683
319
780
662
76
155
953
230
965
459
476
292
539
75
557
723
223
816
988
962
219
90
236
878
11
4
930
386
741
16
93
880
981
433
168
907
850
13
95
241
784
457
680
796
67
241
520
414
53
525
429
749
929
762
297
4
77
602
591
483
243
204
227
210
458
166
370
454
905
442
376
181
868
794
842
479
423
124
248
324
580
504
617
781
672
534
354
962
799
286
235
319
402
506
594
49
786
109
253
49
362
962
655
683
254
633
587
533
418
354
1
856
222
902
903
675
735
924
856
794
638
431
894
830
17
148
200
509
217
606
949
939
196
251
816
131
70
810
444
959
944
21
156
148
228
415
579
746
499
817
658
75
748
163
357
7
169
586
594
774
804
700
530
420
699
234
621
635
15
962
63
566
469
891
72
179
470
540
471
266
44
780
2
459
812
944
279
842
456
256
777
542
268
540
262
277
944
104
883
139
703
279
783
533
612
870
157
37
798
820
271
583
408
390
787
925
260
504
117
146
897
590
610
401
657
942
739
971
419
152
776
505
156
246
513
621
518
977
43
216
817
655
5
508
813
832
951
886
346
341
337
863
56
115
949
288
974
803
678
27
716
902
926
157
21
988
863
436
259
577
794
790
762
263
664
148
343
155
762
895
487
256
53
425
168
292
779
141
267
573
668
954
881
170
805
623
318
946
28
308
149
817
336
615
677
826
633
246
617
286
283
309
38
190
129
829
863
624
210
562
224
305
143
187
137
568
223
752
517
381
750
68
358
252
146
108
267
466
69
73
656
853
44
828
174
955
939
717
156
208
265
499
605
569
696
943
502
731
360
391
661
121
209
537
49
601
464
751
391
643
404
778
769
28
559
279
578
524
917
63
688
189
398
68
179
339
610
12
494
174
188
315
271
603
537
525
35
533
631
681
940
486
774
986
165
545
607
617
694
926
552
243
25
356
220
549
941
356
527
747
748
1
394
99
737
460
196
466
488
143
290
263
826
784
256
662
271
105
918
767
735
53
697
154
436
706
918
563
490
647
602
483
928
843
166
899
370
252
525
698
911
377
841
987
545
264
673
923
199
500
354
427
475
915
788
639
813
211
573
609
501
903
575
208
348
579
523
131
455
187
425
41
568
155
216
906
237
932
462
625
561
973
960
3
513
800
782
200
438
21
295
213
177
634
396
397
624
175
893
805
485
413
979
617
255
299
990
652
463
935
997
1
412
572
407
35
575
869
178
77
60
670
805
871
644
873
723
155
153
579
766
368
102
349
911
939
659
642
721
823
922
410
698
719
742
431
418
243
346
394
861
114
580
980
154
53
619
117
566
141
319
418
319
65
525
42
247
806
745
639
171
324
738
866
42
774
527
357
924
112
45
626
942
21
423
282
331
347
386
625
136
730
296
588
306
540
614
414
705
497
825
931
382
941
943
599
91
993
925
698
24
811
532
598
897
948
224
165
193
858
765
579
808
281
134
786
823
961
568
604
959
60
987
328
233
748
203
417
900
423
233
8
180
800
893
98
501
930
177
273
978
281
625
243
968
374
141
175
952
291
618
786
627
501
14
207
824
432
874
732
123
698
968
487
965
775
868
206
131
775
662
570
128
933
765
94
445
410
255
860
492
81
280
919
873
41
615
843
566
315
293
99
668
694
41
545
970
539
150
718
260
922
129
156
695
222
525
52
188
530
520
937
475
970
581
637
364
475
293
949
302
96
394
754
544
73
315
595
265
486
31
949
470
491
590
900
615
241
256
341
583
96
528
849
857
673
811
853
741
746
1
961
316
444
789
255
65
481
404
154
612
318
897
290
772
618
741
230
225
8
813
736
67
446
763
979
651
42
23
967
982
114
418
23
346
460
653
202
854
185
320
499
190
895
123
176
558
417
608
918
55
899
313
251
273
908
628
447
855
41
188
91
914
115
986
506
966
249
486
938
484
364
706
547
341
417
98
442
228
882
458
885
248
230
423
340
529
703
319
798
278
156
581
851
350
864
389
933
431
116
303
171
302
282
14
28
832
541
336
775
713
164
209
555
167
562
744
567
683
964
225
790
78
387
536
131
909
639
523
641
294
997
917
635
679
156
12
647
816
751
802
854
801
867
936
519
931
181
925
68
899
989
669
571
59
780
348
124
381
238
69
506
259
147
115
636
693
419
331
856
293
805
308
330
561
642
159
537
825
450
395
552
195
183
269
183
590
816
178
344
878
76
634
822
18
583
105
115
526
831
498
870
693
735
69
404
825
888
30
131
602
371
369
804
147
784
546
667
227
705
790
897
633
868
998
557
617
819
807
823
967
219
242
603
827
876
727
597
600
748
605
133
986
621
972
847
801
52
887
549
450
630
272
124
546
388
809
678
55
665
599
544
696
433
149
129
902
640
299
475
752
447
79
366
658
480
934
469
803
38
373
868
535
520
679
72
582
336
433
756
643
473
782
170
427
46
470
281
259
620
17
446
887
192
495
722
719
749
273
155
391
662
694
36
990
998
502
853
746
110
914
640
26
29
951
10
346
985
597
733
229
139
292
402
728
3
914
902
923
858
251
203
242
334
234
833
715
231
432
83
224
413
220
295
439
365
393
34
488
515
415
345
847
290
410
536
90
431
996
12
867
312
598
641
383
461
696
454
923
864
777
145
870
807
540
886
648
567
433
132
988
176
99
704
668
60
175
553
599
951
855
540
838
203
126
463
427
684
998
350
4
671
920
128
565
676
468
525
37
947
572
643
104
248
422
65
917
778
623
526
771
645
238
963
589
151
912
256
615
736
742
20
764
101
577
15
347
384
896
380
469
449
624
644
825
223
876
305
953
394
225
844
660
877
90
181
8
189
101
517
372
943
965
897
408
205
464
527
63
499
39
603
216
730
576
674
788
994
78
37
519
256
492
742
829
367
416
10
886
272
50
17
817
538
738
425
52
499
247
868
714
305
1
24
250
748
308
485
305
571
54
668
547
293
975
885
735
301
583
209
217
708
550
237
905
286
502
352
500
345
604
302
465
309
657
550
338
437
460
128
727
27
271
145
717
120
894
384
423
549
22
800
944
99
448
864
709
732
534
389
851
515
90
493
923
699
677
949
760
14
756
825
310
857
250
443
364
439
683
570
574
109
639
638
972
720
190
457
336
72
822
163
824
856
638
337
413
802
964
445
376
995
380
58
154
191
927
579
477
213
231
616
981
259
748
831
261
290
535
472
993
575
921
758
137
299
799
377
974
309
72
943
362
292
434
927
503
912
318
782
788
733
234
364
613
516
145
4
744
199
644
339
520
484
390
128
700
522
663
745
330
885
376
244
570
609
976
541
886
562
423
967
794
691
418
961
950
355
509
394
436
389
673
828
709
919
145
104
967
235
431
543
898
750
737
813
589
274
92
523
436
865
816
824
197
430
887
131
896
525
255
353
734
841
680
564
706
966
757
999
383
19
136
231
317
172
443
345
214
676
749
649
677
857
659
206
161
383
284
118
555
925
27
504
993
207
757
461
646
808
904
928
116
232
253
56
349
814
