402
627
35
175
608
464
403
603
323
732
993
732
882
273
209
288
458
512
257
182
628
574
647
826
696
661
700
626
169
676
105
863
684
811
105
60
16
232
923
580
83
122
226
249
713
617
297
906
154
468
935
961
442
654
534
581
117
311
191
545
773
89
187
571
380
263
871
965
329
783
358
108
108
569
21
695
986
751
250
105
586
176
219
902
730
242
612
714
44
728
557
783
781
95
602
662
517
976
245
447
7
504
803
718
407
50
467
888
91
348
644
646
22
108
87
22
62
246
840
253
345
519
827
35
583
212
958
889
564
389
147
813
418
102
811
955
234
35
351
221
349
82
202
752
883
772
825
441
388
90
545
922
14
942
518
535
930
508
18
947
877
265
27
796
211
789
323
998
739
674
613
187
10
608
267
439
350
50
413
133
528
289
634
294
579
567
865
319
890
426
796
160
432
29
486
715
365
707
870
398
798
86
718
17
166
217
809
520
94
456
737
186
455
91
507
881
625
894
921
219
877
472
652
313
592
128
646
987
521
88
494
602
281
188
47
182
755
153
267
168
425
243
356
233
906
660
353
276
499
465
995
639
945
486
485
235
575
328
556
264
458
493
228
537
609
759
876
290
406
801
446
485
200
534
216
637
951
960
230
626
436
101
716
345
296
363
972
145
919
891
43
517
631
87
643
310
964
993
473
945
135
328
692
724
315
452
986
802
62
668
642
722
112
187
644
218
644
325
990
24
813
643
102
607
526
794
402
164
457
685
335
792
375
523
973
267
116
98
568
207
220
698
218
808
729
794
190
489
740
225
81
885
85
605
103
302
688
514
324
438
934
517
926
2
618
939
862
746
81
881
951
46
970
152
203
53
554
434
743
610
738
458
269
934
969
133
835
572
410
785
488
883
662
839
298
261
239
761
744
259
97
745
502
246
463
413
38
650
312
364
666
197
999
234
626
82
757
181
301
978
200
764
695
462
294
112
582
46
469
116
378
904
495
352
259
449
578
165
270
470
734
658
568
937
434
293
468
791
935
442
234
635
803
258
608
186
314
213
406
369
469
671
495
503
413
554
685
581
799
653
612
390
311
598
642
99
514
603
672
474
508
419
310
976
41
125
756
606
713
912
301
197
970
585
408
868
597
221
335
578
106
682
551
665
303
196
147
405
388
352
236
305
886
510
44
691
181
812
413
86
395
303
59
773
100
516
117
857
22
475
284
646
292
105
87
683
260
383
766
358
100
790
20
412
780
375
119
833
190
855
707
449
534
666
776
676
750
345
175
495
447
29
744
343
858
138
271
764
647
64
149
991
27
505
704
471
728
560
748
371
6
184
37
155
742
777
115
125
800
536
24
582
690
901
19
711
700
79
7
307
362
736
677
703
58
7
511
274
392
337
431
370
17
737
538
866
743
363
493
140
16
700
253
181
902
672
227
245
352
498
565
558
506
7
340
769
681
300
129
983
361
544
292
305
183
589
92
981
239
434
139
565
114
264
668
851
35
681
11
15
424
938
10
553
369
349
162
798
887
40
154
575
369
332
445
21
595
16
784
614
710
859
325
275
819
164
1
983
393
93
357
522
653
526
372
281
60
609
41
15
951
290
252
509
706
493
198
331
173
162
373
683
491
673
76
824
613
502
103
470
213
187
864
578
465
387
521
725
304
561
674
468
626
997
810
262
279
184
372
680
563
709
717
56
16
291
435
851
671
928
840
593
228
743
243
429
605
894
702
751
161
249
21
683
33
849
773
745
564
85
850
479
443
517
868
469
949
914
789
640
151
209
94
698
70
773
867
649
455
996
768
594
389
661
180
78
994
247
212
606
586
995
44
5
257
576
950
972
356
826
671
234
705
809
912
830
511
98
758
120
518
676
649
839
397
115
300
757
379
875
818
534
254
329
454
331
318
470
753
430
404
740
460
841
656
219
411
224
864
610
98
496
677
570
705
703
101
987
252
22
604
849
716
977
187
97
510
752
218
152
274
577
685
869
700
732
122
170
425
113
680
865
120
554
338
124
466
226
947
20
32
588
738
130
848
815
86
484
440
91
956
700
721
53
513
90
375
509
373
955
113
464
772
468
987
708
106
676
238
110
197
499
619
558
376
92
622
462
307
423
341
726
415
532
30
105
416
179
388
846
10
429
1
986
727
240
427
556
101
253
803
271
91
628
300
117
743
831
573
864
895
333
379
835
259
64
538
104
586
502
928
460
426
493
434
641
370
474
440
89
804
948
68
817
156
7
593
773
741
478
931
547
448
971
754
175
596
453
200
695
367
518
607
473
644
391
319
246
926
210
78
78
251
527
618
294
362
767
385
526
804
69
120
458
917
459
520
282
716
667
445
315
183
387
509
23
699
930
979
188
126
287
139
769
237
968
237
492
379
297
292
537
914
690
201
211
911
314
40
929
521
599
510
261
39
83
135
474
566
890
572
958
628
956
640
404
857
592
549
144
380
284
635
582
501
508
56
223
352
382
424
988
647
326
685
886
580
86
273
30
252
639
744
911
114
118
653
998
608
377
407
169
502
684
23
607
454
731
664
728
445
491
460
61
820
70
662
108
963
351
695
859
405
811
391
89
314
390
250
415
563
145
688
112
478
274
125
196
948
478
932
449
1
521
57
759
308
123
640
412
189
708
465
491
903
768
783
415
15
817
998
314
437
859
720
349
548
973
685
822
528
411
227
663
705
718
439
297
25
825
642
321
536
738
725
601
962
313
239
632
906
664
835
230
780
488
296
879
647
121
482
573
246
886
16
573
149
24
656
299
487
780
3
432
612
176
174
653
1
262
17
36
253
215
79
563
285
309
987
640
354
37
622
133
512
329
159
168
253
367
301
496
379
330
789
216
475
983
515
189
895
688
268
414
192
294
957
677
51
556
297
981
343
322
531
929
786
176
770
338
936
268
941
661
257
832
191
492
640
204
227
603
494
685
238
990
442
315
136
767
195
228
82
256
216
800
718
707
958
149
785
271
264
436
922
134
824
796
825
576
495
21
964
853
210
910
921
360
262
210
349
451
978
652
286
516
507
734
603
331
534
881
697
219
397
29
443
150
16
390
786
270
387
807
188
124
264
530
260
814
342
97
591
458
416
288
44
599
451
448
3
380
744
521
433
741
823
758
546
151
913
359
88
729
767
604
12
177
685
946
748
387
662
197
473
929
808
424
397
699
385
563
573
383
143
324
256
200
292
799
960
43
838
151
233
723
330
34
674
848
53
784
256
18
745
308
519
953
766
383
210
498
284
696
269
820
473
8
747
175
769
509
6
169
41
772
281
486
370
148
17
294
102
358
682
743
34
273
170
101
782
910
29
968
890
403
468
314
369
771
575
973
308
477
622
445
582
580
590
179
848
3
540
828
238
682
77
824
347
735
838
970
54
86
349
347
907
345
589
355
319
106
739
470
630
349
193
697
453
337
566
12
725
237
938
858
366
622
461
815
780
429
520
312
540
71
34
804
768
285
823
141
790
758
338
676
304
440
140
619
228
710
244
466
68
175
656
931
664
607
590
676
141
753
123
846
334
345
955
183
821
191
41
208
279
321
558
882
905
874
442
77
864
351
624
86
176
382
418
711
874
840
592
745
765
523
420
185
25
564
434
559
419
645
691
442
367
417
500
715
112
914
231
616
259
535
215
970
864
179
791
584
788
992
810
561
535
857
119
804
320
856
875
935
761
723
24
989
765
116
895
196
393
619
329
686
19
173
232
196
619
308
855
21
492
634
657
323
717
263
984
880
455
878
299
323
508
476
553
760
794
295
772
569
586
184
69
520
132
718
441
485
342
934
833
611
873
177
868
702
180
985
655
821
522
984
672
644
443
194
567
247
29
344
852
131
276
6
336
409
839
81
678
627
632
2
489
861
324
678
246
412
193
849
625
966
491
557
619
936
778
203
218
934
138
766
892
146
644
550
861
619
807
867
664
24
702
253
194
483
123
566
999
952
152
15
260
384
441
58
33
108
523
644
543
637
866
651
907
310
774
81
39
772
232
321
29
913
577
843
872
632
719
176
294
144
2
79
946
971
585
211
414
457
629
171
210
778
104
162
357
233
780
34
314
919
605
364
127
96
652
664
997
158
91
18
773
47
454
670
244
575
904
586
620
391
667
488
191
479
131
896
264
630
417
95
412
704
844
158
180
197
468
445
535
540
530
652
814
626
445
765
616
632
833
458
540
297
269
352
183
254
327
152
94
572
628
300
433
246
895
932
360
299
766
214
940
166
643
216
799
600
737
806
280
353
167
322
757
110
669
816
493
496
282
31
362
733
215
564
472
906
664
55
834
10
168
210
272
840
68
913
98
581
542
163
87
1
785
186
234
897
662
43
152
262
431
78
154
534
872
337
951
659
903
200
647
770
585
534
996
416
121
675
659
561
588
435
728
433
528
455
52
68
896
569
717
726
492
734
413
327
731
607
230
290
573
4
260
765
760
949
606
529
681
306
735
777
586
351
157
818
700
999
318
272
369
274
810
328
476
995
781
492
348
612
224
957
960
538
234
553
570
125
510
605
80
954
287
669
576
862
379
524
718
79
29
977
607
426
259
491
982
432
685
607
268
157
41
659
58
75
699
63
390
498
185
462
697
217
507
861
858
834
477
544
935
678
753
207
99
829
593
18
60
149
352
804
767
182
134
940
57
216
970
858
745
493
255
753
117
601
296
951
338
764
227
398
20
937
664
126
320
177
787
577
917
142
691
609
235
92
766
749
949
550
53
969
972
721
794
959
10
206
89
678
850
755
458
323
967
499
507
319
980
146
638
470
243
575
871
625
453
394
980
396
563
339
455
44
116
179
803
954
645
414
396
768
919
499
519
169
415
854
954
844
477
476
186
673
926
291
579
596
776
625
318
566
70
270
472
101
131
989
615
531
359
406
688
738
44
108
767
607
423
804
356
198
792
356
687
652
141
154
84
355
90
776
176
52
173
561
363
19
956
877
181
922
596
350
35
813
70
192
959
864
941
912
545
540
743
698
1
605
950
604
321
256
959
853
535
181
421
520
666
488
850
221
54
733
38
199
180
559
935
176
335
222
530
802
393
121
4
494
893
41
309
853
539
14
847
157
732
390
63
563
454
495
690
894
668
840
32
263
509
834
580
850
634
92
331
542
895
90
614
552
421
8
428
774
856
689
956
572
837
782
623
24
141
877
396
469
930
609
139
912
581
392
334
505
308
146
427
501
138
888
873
487
771
845
289
4
998
113
126
659
885
891
327
287
56
373
285
823
503
131
182
27
61
390
833
389
126
552
408
653
219
472
416
325
394
514
38
586
206
518
50
593
925
283
479
104
548
941
515
862
617
225
57
453
344
536
263
553
481
405
660
677
837
569
637
965
87
879
598
840
179
234
847
128
828
132
386
709
920
554
578
319
978
935
398
943
762
594
733
719
732
186
951
247
571
229
536
882
793
129
526
485
782
403
540
881
959
331
635
206
693
365
718
87
275
928
311
206
684
573
811
704
555
232
246
48
556
154
236
298
530
262
564
993
777
549
911
228
541
440
32
771
397
770
310
775
61
524
169
974
926
788
477
2
93
77
725
258
192
216
155
755
724
399
692
315
911
898
572
325
861
734
276
805
270
713
241
552
496
270
98
698
151
931
521
640
268
307
9
683
496
665
209
636
326
817
607
334
842
163
740
330
172
169
380
198
947
943
6
371
671
381
818
849
859
169
50
413
359
776
937
739
456
683
915
564
92
403
472
154
431
472
337
642
3
62
181
455
46
214
384
783
774
762
101
688
549
64
577
871
686
219
909
194
933
819
93
979
89
188
73
212
841
114
429
527
164
673
76
162
620
54
315
602
813
678
165
835
406
243
773
733
885
949
722
615
84
192
982
607
890
358
688
188
51
992
298
725
683
459
172
258
538
78
710
440
583
331
475
864
889
998
810
589
723
606
886
64
607
178
522
208
244
779
731
833
711
383
973
328
918
155
108
734
775
166
252
742
398
301
596
66
498
123
112
814
290
388
237
713
313
526
833
67
22
736
790
515
747
659
112
589
699
125
542
28
324
751
292
962
472
741
991
850
675
832
172
259
274
174
209
830
864
327
276
103
212
622
688
810
498
496
199
895
546
396
543
102
587
820
94
967
326
484
28
168
27
956
786
536
766
931
25
208
336
414
257
882
362
764
249
765
875
208
712
6
291
947
18
259
836
915
65
118
83
851
617
261
934
405
566
277
178
965
718
753
616
342
459
281
322
319
607
487
600
301
267
641
158
396
622
894
30
676
265
180
840
851
975
549
218
566
411
16
652
644
443
115
145
257
840
755
3
69
181
844
717
761
616
169
485
201
77
932
398
169
391
972
431
287
673
973
729
759
785
69
19
889
389
761
811
973
270
674
528
342
542
801
132
138
528
450
306
656
396
521
602
368
953
817
351
406
596
157
823
194
553
813
625
547
368
93
471
762
131
613
471
597
664
349
804
990
512
726
735
102
236
784
560
664
426
37
906
22
32
354
962
242
412
100
352
443
900
682
920
136
783
561
292
549
218
365
269
509
168
849
562
369
43
824
969
221
305
266
102
85
106
872
64
747
401
509
662
940
365
279
329
208
987
96
68
547
543
203
419
839
243
405
932
676
811
423
208
462
7
368
599
405
962
554
941
374
919
739
53
231
144
429
903
914
468
377
413
74
347
383
916
720
52
216
555
53
20
743
687
714
23
788
924
451
934
480
318
90
593
713
223
379
344
949
98
666
802
933
63
31
633
525
549
273
581
908
290
397
273
505
431
455
160
958
489
300
201
646
735
534
859
385
140
20
622
47
804
89
23
895
921
181
429
774
740
698
407
760
182
748
131
327
419
248
825
113
708
252
436
942
518
300
237
307
619
350
470
730
415
43
127
933
33
99
265
578
889
586
939
205
447
296
122
340
396
546
581
845
551
340
176
170
458
709
431
190
253
674
156
395
558
96
959
931
291
559
145
64
613
211
879
83
132
83
993
56
472
57
853
289
307
64
514
61
468
729
912
585
656
273
986
488
312
978
593
798
219
711
101
392
164
80
719
486
965
778
909
848
529
228
747
526
148
840
318
63
377
30
168
498
642
259
92
797
218
13
111
670
433
935
667
80
966
725
388
280
82
990
625
380
962
226
148
992
53
309
472
285
392
735
440
138
407
203
539
335
762
582
781
817
801
290
169
244
948
928
398
423
586
318
639
589
909
350
366
332
548
964
364
331
183
965
353
851
468
144
586
883
186
576
583
751
842
445
872
103
634
756
213
156
634
449
167
316
762
691
646
351
570
105
105
953
153
81
911
247
852
708
29
53
808
934
904
597
704
645
389
572
458
253
467
607
227
207
816
877
399
713
253
59
199
643
644
571
706
781
920
255
553
64
390
120
974
798
592
163
477
208
979
788
625
445
748
890
717
759
467
231
193
937
683
522
219
524
646
537
541
741
569
54
415
90
891
957
282
529
966
89
622
734
459
77
664
263
284
119
409
728
299
489
971
682
91
532
423
80
614
615
232
44
650
998
755
44
555
307
392
843
251
719
322
336
598
864
565
610
61
731
331
467
624
383
116
941
945
256
98
28
649
598
499
817
105
123
143
609
596
138
661
443
245
607
10
210
920
639
691
143
11
914
96
803
653
210
243
323
155
239
455
133
165
290
841
107
957
420
958
176
551
63
511
984
513
510
59
684
654
493
26
721
410
351
219
902
172
189
821
467
318
212
628
588
139
57
364
365
413
600
546
802
272
847
786
295
92
643
445
392
178
680
845
84
685
681
189
882
894
511
65
409
647
50
294
549
859
772
652
325
588
12
217
472
856
172
998
641
783
320
46
41
517
882
645
454
682
87
597
979
659
44
214
786
962
561
652
859
749
424
631
427
883
136
287
362
851
847
535
134
495
656
977
708
982
309
699
305
267
923
522
321
608
360
640
572
110
229
497
678
902
275
140
697
994
138
694
437
905
662
837
335
796
280
514
794
546
26
524
82
264
535
300
614
991
860
486
474
149
841
508
514
343
127
594
964
858
792
897
573
695
327
513
926
910
194
768
578
659
698
782
265
629
617
923
23
417
63
424
767
830
951
354
920
397
294
68
744
590
422
491
3
226
628
440
603
721
121
396
89
529
154
81
575
473
516
615
875
30
29
367
157
999
55
576
795
992
412
553
201
967
640
726
843
904
771
833
638
654
202
509
1
872
522
85
277
127
335
318
919
81
748
671
873
540
172
885
610
368
435
720
106
841
497
793
644
315
464
697
273
858
95
465
227
619
849
144
131
801
495
798
841
770
57
924
678
437
685
780
166
208
91
143
572
340
226
689
602
728
762
205
976
564
786
849
11
892
192
598
688
691
911
754
553
332
841
434
685
828
334
476
875
499
644
745
623
553
508
379
579
627
755
909
876
825
55
263
607
339
377
630
542
745
603
287
391
723
230
727
690
107
758
917
340
307
960
750
274
629
357
438
267
222
478
880
329
612
49
907
350
817
25
852
17
160
609
942
246
693
362
300
568
289
140
841
942
363
881
766
938
859
640
709
577
1
258
232
59
178
881
359
385
663
527
457
841
655
581
215
890
891
735
196
22
735
286
693
517
352
654
233
827
471
410
803
7
185
519
101
201
784
68
615
352
457
168
818
569
751
498
714
497
787
752
157
360
306
643
454
47
68
375
537
212
676
516
709
405
164
253
954
987
443
129
165
772
843
20
295
777
525
29
857
55
908
555
389
738
9
484
487
905
213
336
676
223
677
885
528
915
530
448
464
907
335
70
468
257
714
891
991
786
178
592
47
231
905
453
11
315
655
16
954
821
308
148
277
920
103
100
462
141
361
361
100
121
314
171
71
811
928
252
58
520
389
869
767
799
605
238
113
582
207
364
712
964
810
244
699
277
898
184
516
56
702
295
306
887
604
428
390
602
162
579
987
643
283
807
82
92
773
469
294
918
482
319
240
266
692
316
968
77
485
440
772
165
935
604
320
370
720
155
798
770
275
234
519
838
371
657
602
274
555
446
228
614
825
910
405
391
62
499
248
812
900
803
158
254
103
976
747
612
853
5
416
700
520
554
580
871
499
685
371
514
772
487
735
254
793
567
838
689
922
263
124
103
958
262
769
862
297
816
194
979
501
755
223
737
464
45
614
424
859
584
394
958
721
597
711
655
682
422
603
548
392
494
241
401
777
151
357
162
537
859
868
628
159
772
609
492
350
182
380
709
953
789
580
33
996
193
893
305
84
857
89
769
480
141
692
472
628
193
443
215
894
509
870
128
930
125
806
66
425
620
278
272
307
396
283
485
253
411
595
883
974
54
386
220
504
420
733
561
988
280
648
803
494
110
505
985
192
397
777
4
448
252
656
293
707
973
896
687
342
737
296
991
139
714
29
701
431
587
4
162
739
714
675
229
957
654
791
383
311
682
647
614
182
221
818
281
782
647
695
379
207
522
239
18
544
591
667
558
891
121
159
764
974
446
106
32
30
926
334
711
813
256
365
334
315
397
912
470
88
156
939
67
509
73
100
487
722
41
538
966
241
986
500
529
286
306
996
245
859
769
368
845
530
44
337
326
783
889
355
127
945
832
148
778
263
181
273
193
457
283
471
867
253
832
167
696
781
431
777
638
462
768
984
687
743
382
868
465
290
506
84
463
247
142
322
598
376
808
574
278
159
559
870
649
388
215
108
614
876
295
925
510
546
450
481
361
369
223
350
304
635
597
648
705
44
598
801
650
118
1
839
525
33
403
75
147
270
865
266
625
539
166
790
268
651
177
834
364
379
178
497
988
692
677
109
175
331
928
44
551
25
579
526
594
301
885
484
639
39
243
948
907
125
527
298
22
613
454
988
551
830
31
872
939
636
751
210
295
175
644
197
262
973
918
126
874
548
173
647
822
214
581
317
871
595
157
926
219
758
492
484
430
407
850
452
680
926
487
198
639
44
437
174
97
309
68
181
434
883
53
587
657
782
732
671
44
599
856
365
475
406
631
453
579
30
679
306
16
371
581
984
235
393
170
619
427
333
699
817
953
881
692
782
230
150
347
984
184
118
268
403
154
729
445
435
683
687
51
990
581
739
905
556
880
535
779
60
470
601
741
680
101
416
801
820
68
610
658
525
188
204
263
763
93
982
936
995
23
584
732
179
743
376
316
663
625
341
998
712
170
364
857
560
340
281
306
863
721
658
594
393
494
411
191
862
644
882
864
965
141
518
505
978
899
907
26
7
818
441
621
439
516
833
598
740
499
740
262
325
307
657
697
603
808
191
410
382
176
975
69
896
340
659
173
607
972
409
80
989
961
38
714
695
802
19
9
353
25
457
761
540
948
425
376
498
445
59
494
668
560
932
655
269
806
903
608
684
144
145
843
944
533
382
996
507
545
963
594
760
880
86
564
582
273
421
917
32
720
929
55
347
319
400
430
922
475
874
383
48
853
521
945
720
756
42
919
519
418
132
681
207
303
765
402
757
51
239
786
646
186
496
264
782
812
169
901
23
195
207
452
547
941
783
637
132
91
768
921
199
431
117
407
189
624
963
414
831
821
154
84
166
445
2
131
177
906
72
964
903
176
691
764
320
693
620
274
819
703
375
296
427
801
700
699
31
154
877
135
681
448
976
80
370
795
162
173
919
679
443
722
443
856
303
772
911
209
600
81
187
211
616
933
214
874
338
276
965
368
831
329
703
722
827
247
667
921
627
767
583
196
1
910
548
69
188
929
738
144
734
239
850
808
344
366
108
197
240
412
698
975
962
397
948
702
277
951
556
81
79
796
268
942
574
181
835
4
580
73
679
430
605
89
347
391
411
885
666
121
284
330
253
819
208
109
652
687
921
620
63
554
26
341
494
439
587
480
696
662
538
513
25
803
631
72
941
400
813
478
1
964
28
185
889
167
540
227
144
627
45
790
141
607
534
377
519
880
426
262
589
472
886
404
623
625
741
93
519
578
250
535
631
44
365
821
783
545
865
394
430
752
375
800
508
921
283
51
287
781
562
293
603
837
224
771
477
774
182
486
522
399
310
624
321
372
359
823
131
664
352
190
120
30
259
378
376
494
74
783
900
401
832
348
353
310
567
2
38
976
626
361
157
49
468
877
493
838
280
962
279
462
148
440
573
938
56
679
441
357
677
63
117
648
345
392
413
514
842
477
129
363
852
63
725
343
580
481
505
527
491
608
71
519
190
85
961
747
828
618
901
673
990
792
995
973
43
774
336
381
938
645
177
466
555
521
970
793
903
721
625
507
566
76
524
929
650
975
381
669
701
591
402
121
841
176
420
587
439
694
758
497
379
145
282
407
790
255
701
822
10
538
470
501
613
542
708
270
263
269
591
884
117
168
312
926
705
939
529
834
493
498
688
123
331
188
541
273
300
234
617
537
793
596
335
13
111
225
194
757
833
374
322
654
616
806
968
311
399
226
289
173
77
169
252
723
653
694
512
25
125
610
248
753
679
750
531
990
591
99
782
663
839
830
477
806
188
912
450
626
365
228
470
686
220
391
167
328
975
663
428
502
237
198
80
569
945
455
297
604
626
934
594
923
657
382
216
131
339
324
301
437
620
941
147
437
154
488
222
800
256
500
384
233
107
538
529
806
577
992
299
904
805
486
76
898
847
273
492
386
412
393
579
894
984
861
995
157
523
731
559
751
654
170
810
969
764
254
998
676
624
609
477
567
337
934
160
386
438
889
183
356
337
867
392
629
225
153
691
250
392
168
997
42
830
945
624
970
552
608
483
646
430
388
694
788
851
748
607
536
924
570
103
734
704
34
112
183
738
811
895
855
763
301
451
276
504
677
388
966
385
804
847
686
396
390
996
714
417
215
347
955
949
850
477
196
69
417
844
627
79
535
970
985
612
496
254
402
294
700
275
179
380
515
697
861
901
168
876
7
580
929
363
849
536
690
736
609
16
54
258
329
196
668
603
798
486
83
300
696
12
90
858
661
514
838
887
68
765
483
831
282
94
835
738
796
330
356
185
684
54
611
248
469
760
43
209
836
109
822
901
185
246
32
971
249
853
671
727
128
450
278
935
118
690
785
653
928
103
767
664
303
908
891
195
687
408
909
804
519
21
369
278
812
352
470
381
322
570
944
648
193
74
261
648
905
425
919
772
46
689
821
687
683
878
156
445
516
959
121
54
463
841
455
37
843
600
300
230
296
360
991
989
740
986
15
910
537
954
971
605
44
839
319
654
290
723
282
671
426
984
43
994
472
861
34
353
52
195
706
799
559
529
591
434
974
690
302
723
829
17
639
22
397
72
655
781
116
302
307
526
346
290
281
825
148
628
904
783
423
532
826
961
419
494
78
877
961
671
340
981
912
527
239
736
816
984
33
848
295
649
240
325
37
767
301
946
583
277
622
486
482
743
303
122
407
154
547
864
671
941
648
255
668
244
964
282
855
812
813
557
9
871
830
796
949
973
985
831
201
145
591
383
715
583
328
20
743
416
283
289
878
99
392
974
121
328
453
229
243
585
630
708
882
176
371
481
553
11
374
403
625
716
445
354
774
572
263
254
475
290
662
357
684
745
608
352
489
183
281
857
402
303
453
35
523
838
48
738
152
591
778
994
421
507
885
210
460
633
147
914
458
999
830
69
289
746
38
668
178
555
649
794
928
419
156
448
431
343
89
658
432
283
633
445
160
696
743
879
525
217
643
270
599
555
648
35
238
638
331
235
135
853
59
247
668
47
367
503
66
669
507
354
430
805
472
697
230
961
367
899
89
696
998
903
692
954
271
588
3
781
859
118
821
292
572
623
870
275
348
979
492
337
587
339
176
437
710
538
665
203
909
288
715
831
820
8
450
844
207
472
186
669
286
666
440
236
61
580
925
671
21
1
186
491
94
331
97
22
789
773
690
624
635
985
413
811
386
516
292
675
335
105
613
559
537
198
545
920
216
487
822
723
653
416
976
386
873
619
827
398
500
384
427
299
237
255
10
741
131
747
394
268
106
998
234
871
352
453
668
57
420
778
187
333
26
469
174
88
322
892
108
850
19
586
119
55
425
849
47
245
832
157
421
100
63
160
939
695
11
433
583
299
707
300
585
751
343
778
520
834
544
661
781
215
14
390
172
309
962
228
780
737
509
518
567
888
875
128
143
197
608
262
229
629
143
465
845
686
331
209
789
154
122
225
526
415
203
111
111
626
25
874
965
342
484
238
15
572
777
233
804
418
358
588
49
155
645
70
986
714
676
202
538
732
578
695
228
293
799
372
683
841
261
890
148
358
757
647
508
456
465
361
533
211
645
71
625
813
23
671
241
274
526
628
636
926
986
786
88
102
159
282
391
286
728
580
442
615
908
518
334
16
96
353
786
765
337
37
698
242
338
596
201
93
907
967
383
294
667
177
447
203
313
380
57
486
849
681
134
881
732
998
468
414
572
962
945
880
164
299
200
460
578
600
754
995
840
101
648
304
501
210
9
890
164
768
974
308
509
324
365
277
799
243
946
831
248
352
306
566
59
692
403
757
899
485
757
807
494
403
444
43
311
426
838
881
109
653
508
963
128
990
467
406
545
758
523
54
710
834
471
154
527
963
341
979
617
767
674
45
985
74
580
200
626
141
440
778
40
478
903
237
269
981
395
639
179
502
525
203
8
151
778
486
939
905
947
284
263
412
407
496
287
270
655
92
899
771
821
688
961
658
972
236
923
907
689
131
434
52
899
318
990
310
12
382
78
253
586
346
166
84
893
210
405
225
599
45
770
74
240
202
433
488
988
584
712
248
142
642
38
894
603
360
21
113
855
684
801
257
303
716
74
159
290
108
685
578
537
325
299
734
9
114
985
108
101
713
980
441
630
815
114
711
371
302
577
908
44
944
720
554
423
985
388
518
518
730
348
73
286
873
344
974
514
750
494
592
139
592
20
677
527
664
112
637
571
446
935
480
810
273
940
757
941
454
483
177
554
950
161
611
500
642
567
407
282
977
664
458
477
198
259
826
895
511
386
718
890
704
195
513
820
506
50
469
860
618
919
980
280
652
490
757
565
638
499
729
150
912
597
804
459
984
802
42
895
180
559
75
741
355
818
431
891
902
144
86
219
877
692
461
318
463
274
135
222
829
238
751
565
944
903
858
429
845
912
616
436
981
304
853
679
987
236
779
407
10
452
436
446
188
22
784
472
436
161
486
781
578
15
659
960
183
151
181
560
889
824
992
146
53
936
92
539
51
700
26
522
832
718
803
723
844
251
650
517
357
337
616
104
974
735
936
242
488
972
336
636
714
491
575
189
748
115
727
927
18
656
217
745
763
176
520
798
167
846
697
265
832
462
659
928
666
175
946
942
983
636
736
993
240
51
928
589
196
745
375
776
389
827
849
164
71
768
661
834
639
825
643
666
320
115
810
140
843
112
163
761
622
821
51
108
320
100
460
507
886
979
3
580
574
291
584
294
368
660
11
372
936
373
388
334
542
132
906
394
102
525
700
832
897
292
195
74
714
504
402
261
151
520
495
322
977
968
237
977
586
626
588
58
777
291
498
840
3
278
372
819
341
727
139
561
507
386
680
958
367
721
385
732
947
189
460
703
579
237
350
199
617
98
942
554
946
468
83
845
396
761
351
633
261
988
222
722
101
198
944
220
329
673
901
552
983
616
165
426
340
101
485
415
396
828
481
200
978
431
572
169
760
72
986
294
428
795
558
996
126
533
329
715
650
628
914
69
209
570
281
367
117
359
368
225
605
849
464
2
752
191
307
497
442
215
808
10
559
160
470
644
867
585
909
534
595
567
315
1
900
423
560
100
243
850
905
868
280
116
231
145
751
607
940
562
858
386
876
254
438
677
621
819
330
484
104
147
588
99
714
236
369
989
612
100
488
638
398
783
686
460
561
859
391
316
929
925
767
339
56
297
463
101
796
133
648
422
465
99
697
161
164
494
439
460
110
777
955
640
469
516
893
37
223
968
870
984
653
494
91
483
901
431
879
512
28
458
613
362
981
37
2
778
32
268
786
881
627
928
799
489
37
804
197
129
217
591
181
14
907
38
100
244
477
339
628
746
203
77
186
565
167
208
158
388
238
381
446
576
100
395
907
320
218
774
947
807
176
418
667
830
653
875
978
795
579
130
97
405
16
687
788
121
596
657
861
425
831
306
685
172
815
883
321
575
797
388
497
128
808
151
136
720
671
234
386
859
230
816
701
711
445
517
54
792
890
32
456
419
597
481
20
245
698
445
170
633
525
243
133
116
440
740
432
657
756
886
464
529
379
425
548
454
152
662
897
1
124
248
983
515
448
525
506
989
107
404
924
924
420
153
427
381
562
555
42
650
724
579
458
513
142
680
704
290
932
654
51
624
695
264
480
591
75
348
957
390
817
229
547
864
30
173
864
149
541
368
775
802
994
67
788
396
333
109
705
386
190
673
593
86
126
682
381
714
287
12
312
742
79
574
99
887
432
600
258
441
797
124
655
129
806
765
714
51
762
488
205
597
187
993
229
94
520
119
937
257
943
262
969
927
4
68
257
295
126
21
855
425
924
272
521
287
940
921
136
391
870
409
531
439
4
374
243
190
989
247
843
299
15
755
640
128
124
401
499
86
153
514
657
311
3
846
570
830
287
311
378
250
365
445
56
892
730
873
578
53
464
21
869
399
342
159
354
761
954
71
220
569
289
826
730
380
205
802
27
958
300
521
275
720
393
95
566
784
467
524
394
2
547
286
32
888
409
742
749
523
981
56
554
781
174
779
747
353
660
564
345
665
17
687
128
247
274
713
204
372
585
439
853
409
463
502
807
311
871
127
500
127
125
14
701
457
180
348
545
723
158
394
623
626
713
155
620
70
447
94
142
661
261
493
246
393
939
409
466
230
975
260
201
250
676
425
518
781
854
205
650
764
490
389
13
314
284
29
813
986
206
171
930
931
599
786
892
858
757
838
37
914
652
446
582
89
717
486
187
641
748
202
331
602
110
568
226
784
467
291
650
448
564
947
42
921
531
16
452
454
527
435
51
585
770
580
940
207
267
968
888
247
594
675
915
764
670
405
549
273
460
243
808
596
9
159
385
181
918
757
428
714
291
751
230
199
162
933
686
994
411
311
883
363
873
124
64
313
711
635
460
206
892
398
612
919
203
52
309
732
838
520
897
716
282
988
967
416
440
204
186
570
739
300
329
784
102
813
1
680
34
164
80
351
944
134
680
172
900
852
528
38
85
465
524
434
237
761
380
559
349
227
486
60
259
896
634
12
314
453
835
981
95
441
792
678
652
919
731
965
393
838
872
110
351
56
553
566
980
560
864
1
189
687
197
978
720
270
225
935
795
897
436
750
507
425
675
472
972
793
775
444
286
172
946
138
852
140
388
818
530
803
537
850
336
717
516
773
19
785
329
920
689
45
523
879
525
590
162
597
227
148
360
798
137
237
36
387
393
988
110
453
648
632
938
701
739
979
550
745
489
271
848
649
194
464
900
817
833
157
308
150
437
247
197
952
13
847
834
230
814
22
474
642
652
773
82
459
171
612
722
990
441
346
38
613
832
792
269
392
76
254
760
671
296
743
847
972
242
606
487
42
949
478
185
989
23
331
603
674
405
949
563
409
208
310
682
789
423
616
44
791
431
138
280
883
276
822
295
933
962
682
432
668
817
667
344
927
962
806
15
47
243
522
938
97
661
607
605
363
843
410
300
889
485
401
879
505
967
21
464
533
119
249
123
114
236
973
870
349
779
510
731
532
971
855
241
579
944
631
583
387
599
100
872
169
128
186
996
950
25
637
528
350
284
197
397
444
714
629
976
860
500
726
885
848
551
283
477
885
544
469
400
356
835
650
375
963
542
417
846
608
849
290
312
239
680
993
211
805
165
177
680
942
427
794
11
905
706
428
585
355
182
890
143
329
345
928
187
641
280
432
485
206
944
141
4
274
178
694
31
312
126
721
982
33
584
369
976
48
503
95
688
11
559
880
363
166
807
375
895
132
30
150
9
255
224
734
525
619
12
302
583
333
636
175
466
426
193
320
883
498
538
789
128
983
457
905
726
722
985
180
285
910
966
574
517
522
113
914
766
350
907
715
217
588
239
346
652
324
562
723
711
472
487
135
804
391
571
803
91
369
775
549
502
634
974
278
728
982
564
351
682
777
820
1
872
361
685
266
428
875
670
375
782
160
15
935
918
712
412
823
236
1
664
495
593
294
825
435
313
237
594
380
146
865
236
283
13
998
343
735
231
890
777
176
418
909
585
995
798
726
480
999
587
433
628
438
197
184
608
129
797
583
790
411
20
669
697
396
693
791
934
816
422
885
151
585
573
534
893
809
590
482
209
97
188
309
247
189
242
893
306
925
183
76
50
475
271
821
857
183
329
807
159
934
70
886
419
381
371
163
128
875
610
940
285
286
56
58
861
202
824
47
45
906
699
570
155
340
669
435
922
270
132
177
968
780
596
836
369
987
832
805
546
134
318
242
993
73
154
199
359
955
939
684
149
898
416
540
915
155
163
433
449
746
121
930
737
36
514
220
80
451
458
501
908
26
386
679
401
376
198
123
19
641
7
914
326
452
551
402
69
233
100
284
701
421
84
486
755
780
8
839
409
523
353
839
911
332
209
434
327
771
373
573
632
310
299
343
878
444
235
811
826
178
721
170
263
263
192
976
520
911
791
337
833
772
610
506
175
128
680
533
976
785
335
584
633
485
324
105
894
428
775
234
181
909
301
769
765
655
18
935
814
577
561
90
381
277
230
291
742
245
824
885
627
363
488
993
836
186
266
830
989
959
240
362
929
778
783
656
270
138
112
429
387
682
685
570
727
752
566
80
904
967
893
818
976
463
696
801
733
219
198
130
910
43
964
629
250
740
960
67
525
682
740
735
1
27
169
503
296
107
569
908
547
880
532
298
258
561
272
851
903
44
537
2
405
82
734
852
270
293
877
195
859
398
942
442
797
625
469
291
687
385
137
113
789
709
478
139
382
80
429
374
386
16
533
162
364
61
980
994
983
133
411
709
959
622
718
92
748
185
462
165
656
179
700
849
205
810
738
646
23
950
919
448
923
361
121
931
397
135
637
58
322
483
653
719
531
193
571
601
43
738
158
945
190
526
496
202
987
200
402
732
868
101
265
57
708
668
618
57
101
289
587
487
655
307
600
230
884
733
755
358
328
785
884
896
387
658
372
684
320
420
977
496
927
8
400
681
436
236
377
258
870
901
568
474
154
798
381
110
422
545
871
44
983
742
349
330
480
951
345
721
559
460
996
796
300
783
870
459
106
634
670
95
575
910
389
235
145
484
846
48
307
641
923
580
125
839
161
543
867
990
95
960
966
1
546
877
793
500
467
489
139
236
495
888
173
312
547
211
479
292
245
25
237
170
862
741
988
47
332
75
636
576
529
154
227
809
386
246
253
221
846
551
210
378
503
136
830
531
726
904
545
71
995
225
619
989
641
999
81
399
436
32
246
935
10
624
238
946
110
377
575
777
734
588
90
442
300
684
405
474
699
87
752
422
416
973
316
746
991
703
180
196
338
479
790
446
560
434
278
396
556
807
70
8
590
986
532
50
591
262
755
262
521
728
593
85
679
687
420
920
862
913
72
462
760
90
578
999
119
406
585
645
170
657
906
774
366
215
838
122
551
907
881
318
438
592
857
700
657
55
620
780
315
770
120
585
468
43
130
117
803
237
660
690
975
398
735
243
508
205
743
640
518
678
71
324
964
439
745
566
593
743
85
374
936
187
764
1
529
682
794
885
135
54
666
483
952
883
195
620
682
24
32
628
155
767
235
817
869
952
144
311
644
715
662
225
217
954
685
457
630
84
868
819
848
999
460
599
389
437
585
987
297
701
254
636
396
796
97
527
467
849
136
618
200
713
261
372
29
467
713
868
871
374
696
474
468
904
511
243
613
214
248
329
601
691
778
68
442
917
938
54
890
319
356
391
323
120
284
621
788
291
84
417
966
31
728
322
319
862
862
351
526
177
690
273
66
116
372
63
131
692
788
389
234
1
473
187
183
339
833
614
358
684
369
920
651
146
229
828
136
340
152
581
21
537
979
678
385
668
414
394
5
130
137
531
981
890
198
593
616
386
727
820
382
752
188
72
119
764
638
224
808
512
144
283
309
332
905
464
955
539
637
545
613
238
741
627
35
767
806
588
1
47
91
65
479
768
132
943
236
243
476
421
458
293
463
853
251
595
563
409
725
680
747
597
932
13
719
892
520
50
857
399
237
42
105
456
22
592
505
623
124
478
188
877
332
98
702
403
616
230
577
197
649
562
483
36
107
750
434
702
11
548
805
46
524
148
996
703
174
441
544
425
978
113
548
923
689
977
479
98
94
123
543
105
151
815
766
798
414
871
725
682
200
746
950
683
474
749
1
263
746
154
477
720
510
345
734
170
987
28
70
189
666
62
46
288
617
276
339
863
881
242
340
164
638
763
12
769
92
253
491
872
576
363
474
716
527
161
924
926
642
272
248
171
328
184
374
307
375
738
462
715
433
770
181
961
732
767
890
910
598
260
989
130
442
559
561
604
50
935
275
923
297
577
489
460
248
242
648
929
954
573
824
617
795
232
766
874
303
636
650
863
682
99
198
695
958
549
650
287
943
220
168
65
620
274
513
393
806
41
822
970
340
704
367
74
716
399
20
203
36
601
271
518
992
104
591
666
94
266
983
151
705
485
323
487
120
692
275
308
261
675
303
913
299
253
61
961
312
505
965
728
594
678
790
148
451
524
2
82
944
357
640
966
442
130
413
735
299
559
822
616
411
418
469
204
958
692
502
48
675
280
112
925
406
729
450
78
456
217
4
748
739
972
389
991
587
982
442
58
18
667
957
393
644
884
574
895
35
594
249
615
810
71
940
949
829
883
653
802
475
14
330
864
103
369
610
727
251
279
16
545
129
618
793
259
121
679
81
605
675
174
829
987
852
875
585
352
578
218
458
281
956
742
791
471
364
856
977
141
337
493
315
915
605
646
732
867
816
452
923
540
425
67
193
373
583
206
592
440
523
601
505
726
928
579
242
835
19
301
503
742
301
954
168
584
478
642
998
36
69
617
780
462
346
778
358
133
472
323
128
555
233
468
158
70
347
930
72
232
862
54
857
623
171
35
553
159
288
409
810
9
675
9
968
361
302
431
862
24
718
41
857
264
865
170
696
716
451
655
490
354
888
774
164
275
938
700
701
921
958
422
948
575
493
277
450
313
515
293
446
247
571
326
929
854
101
753
13
860
370
849
275
551
57
667
585
811
595
719
938
944
577
320
183
452
849
648
843
167
85
920
334
845
583
512
536
272
501
300
357
487
852
38
83
138
856
375
496
890
688
166
337
826
776
330
436
126
294
283
205
444
115
80
714
206
274
479
298
180
831
981
127
580
303
426
878
802
519
219
677
678
164
469
963
571
246
951
835
502
449
260
587
195
245
739
366
355
913
52
995
870
173
32
581
584
136
767
512
225
272
826
698
949
443
619
577
593
860
176
977
623
690
478
164
916
421
781
683
741
442
468
257
330
58
194
313
257
954
366
113
495
265
995
85
699
196
313
409
637
681
184
729
428
784
73
137
497
992
107
153
506
591
68
978
910
102
589
719
459
936
912
329
959
411
245
202
633
562
548
936
609
750
519
838
706
448
564
85
13
211
81
897
520
814
495
102
528
463
629
70
628
470
901
115
279
810
442
658
815
809
998
32
197
943
720
844
8
467
891
280
817
223
298
654
125
29
410
684
541
863
468
562
387
828
711
513
729
851
841
471
5
426
692
82
166
508
855
833
642
500
572
750
377
464
159
21
867
203
854
535
206
693
461
201
455
501
808
888
780
682
131
660
443
215
488
83
929
824
917
101
913
73
499
377
593
701
225
434
328
481
369
671
410
893
485
393
426
220
75
937
391
317
184
553
629
73
824
745
665
611
678
55
856
791
520
423
941
701
313
929
406
533
389
175
811
693
719
862
417
201
400
557
325
3
493
386
781
517
334
877
85
30
818
95
527
430
17
972
691
872
630
446
925
992
766
168
49
102
456
493
183
682
910
576
20
956
355
603
643
718
93
274
401
829
946
441
226
12
692
439
349
312
5
317
576
24
482
318
652
484
716
969
474
183
227
119
159
159
291
976
866
996
248
878
869
297
984
66
830
736
322
699
818
123
189
818
266
787
160
377
8
548
826
453
144
643
66
29
719
961
138
4
91
860
843
20
224
831
502
377
127
248
384
169
697
10
515
36
925
750
345
747
527
70
514
970
789
367
983
108
899
372
449
443
256
747
557
645
271
863
790
743
573
424
307
405
20
144
546
44
324
696
806
226
421
711
322
187
640
601
450
283
711
310
20
359
731
162
137
799
328
854
551
625
163
514
244
478
375
897
849
335
414
502
997
185
70
202
925
335
78
888
634
14
759
687
484
973
427
442
772
314
994
541
124
572
391
631
989
841
395
863
109
474
906
23
580
55
265
97
703
275
818
333
150
27
153
942
792
481
953
627
701
885
770
178
943
723
826
701
639
4
490
762
918
681
587
332
287
383
929
143
727
513
669
140
733
877
256
146
948
786
985
792
382
726
115
971
296
92
213
932
75
350
4
2
187
213
324
586
146
601
408
72
486
935
138
868
654
304
845
477
499
430
88
454
216
330
643
299
866
888
90
776
733
693
947
175
604
773
631
146
465
943
865
589
170
506
320
787
454
843
878
12
806
37
454
329
871
371
956
729
364
741
183
944
38
598
176
94
998
864
274
859
873
185
273
195
449
775
166
214
310
84
963
697
346
448
758
496
434
494
119
859
746
235
758
621
465
981
908
63
422
990
763
827
334
649
824
947
144
205
541
860
236
334
77
271
764
313
815
658
403
958
261
495
474
312
42
158
76
54
193
751
7
277
239
66
757
191
739
357
662
367
902
121
836
587
254
976
823
11
755
351
489
601
153
396
676
840
288
380
174
439
436
740
168
343
599
303
723
186
588
921
564
776
557
906
812
791
864
874
116
193
130
410
387
205
402
838
987
28
265
354
445
470
672
723
276
356
424
341
526
723
487
894
161
414
768
68
777
319
681
136
525
52
414
590
275
366
640
832
539
577
711
190
693
418
670
763
714
312
441
98
650
223
586
418
538
666
19
526
249
688
599
713
771
127
420
942
685
121
39
720
164
384
537
964
588
409
112
592
793
739
156
291
728
459
422
794
598
273
187
871
479
237
480
74
86
588
114
896
694
634
93
150
574
703
990
779
472
703
124
35
211
559
150
7
911
218
519
592
471
708
234
918
52
326
82
84
222
107
799
571
791
665
470
859
809
330
64
153
986
787
474
336
964
664
122
530
518
11
684
599
509
36
657
4
170
576
592
322
177
806
682
696
626
391
616
938
133
422
661
248
332
622
149
384
864
718
308
156
376
35
35
414
503
500
344
990
630
901
444
742
814
527
522
8
737
221
216
583
638
465
742
497
32
373
550
406
827
41
405
118
520
999
911
186
144
37
333
860
128
472
257
526
970
474
755
433
862
892
799
780
677
343
908
632
406
833
637
23
560
991
379
430
444
739
205
295
918
399
23
24
500
716
97
7
902
458
230
180
776
34
744
662
951
776
874
987
764
64
700
30
176
733
963
449
969
1
526
195
676
797
627
95
730
529
9
217
862
179
467
