612
347
690
128
227
87
139
310
91
589
241
193
436
792
179
15
362
696
403
160
518
776
942
532
128
517
257
708
33
304
820
203
347
842
614
614
180
965
58
778
675
559
418
781
681
120
567
825
587
55
564
79
407
409
170
983
441
417
418
765
658
283
721
721
742
769
398
116
178
342
374
664
40
16
495
508
843
823
876
745
536
909
489
812
967
35
979
185
731
367
735
841
475
604
731
677
874
984
286
582
119
100
144
944
593
887
581
900
738
983
183
958
619
710
912
348
191
280
486
287
178
246
918
584
465
819
338
484
837
812
888
928
257
126
394
162
261
223
703
325
762
671
630
654
331
908
158
699
919
763
284
873
941
117
391
752
956
421
974
633
381
353
692
259
164
307
493
614
555
766
909
704
817
215
665
189
745
762
479
386
214
343
617
484
236
609
317
962
297
900
702
548
464
384
110
454
114
290
973
874
428
999
216
279
730
749
352
161
12
873
615
832
200
877
748
108
499
374
303
279
205
293
794
231
679
167
934
191
417
46
751
764
790
664
564
305
75
827
243
171
290
14
762
505
37
841
849
348
190
524
503
492
766
137
114
665
472
425
307
324
729
200
59
617
244
503
84
107
657
966
919
160
454
569
568
662
84
911
614
219
513
100
365
384
158
1
377
283
686
456
35
746
726
667
618
706
902
528
50
673
817
857
288
449
769
113
387
639
837
899
111
960
325
653
705
704
983
863
186
211
945
593
458
20
545
180
528
252
346
147
9
939
667
894
350
358
121
227
442
555
757
188
838
870
661
636
234
876
357
537
694
683
562
363
494
468
244
424
954
306
967
571
527
360
960
830
683
204
63
988
593
161
794
241
589
123
8
837
170
9
290
301
867
490
296
496
269
42
218
519
827
763
794
675
677
94
426
215
575
781
289
886
299
49
731
514
810
289
896
661
197
897
967
364
642
838
788
515
758
37
376
936
426
691
471
186
500
105
892
802
114
468
811
462
133
575
245
185
24
876
554
162
648
146
132
489
49
375
442
387
187
954
522
681
129
968
839
935
670
201
990
215
837
460
704
630
498
955
692
951
102
761
738
305
994
538
990
6
9
34
66
789
85
571
963
419
422
802
600
952
499
1
346
42
683
337
106
411
346
56
996
805
371
828
388
313
258
225
829
472
765
230
421
133
724
472
659
740
4
499
776
81
234
983
629
653
164
529
60
296
177
325
407
983
13
428
449
890
394
532
16
854
831
45
722
388
334
451
257
202
578
546
592
615
541
436
395
589
559
778
577
83
203
952
964
864
261
790
986
891
867
659
153
224
313
307
853
593
301
995
638
814
588
133
580
738
963
889
24
215
994
300
812
147
537
92
402
212
28
988
674
552
925
952
969
499
88
233
191
65
197
303
947
690
818
303
340
702
324
839
547
851
163
27
158
129
958
548
386
867
723
755
340
24
640
536
736
582
475
408
617
491
246
243
182
730
777
910
307
224
374
184
63
880
162
124
417
461
504
972
715
386
36
971
871
107
656
382
268
617
35
187
817
605
595
391
662
359
518
176
57
383
314
922
823
459
698
795
974
108
62
117
710
577
404
740
844
831
260
752
144
803
779
668
36
181
97
684
491
814
358
55
331
890
385
583
6
60
62
778
586
421
942
365
322
853
453
891
703
575
462
125
232
186
709
789
402
297
223
907
697
448
661
54
698
920
165
758
738
312
486
487
638
35
446
352
94
187
998
979
269
905
202
114
880
323
383
349
272
496
238
992
284
966
921
73
664
891
162
933
514
54
840
807
280
611
319
264
621
103
340
657
285
517
448
132
652
634
927
549
790
609
24
637
703
738
98
832
787
552
338
384
539
89
832
941
748
796
368
115
855
147
252
470
707
552
766
427
723
34
237
711
868
424
533
668
598
74
933
741
261
18
307
824
691
591
573
391
392
682
325
393
426
938
50
589
572
940
605
851
866
684
923
868
977
770
909
301
984
319
557
122
235
538
958
249
394
947
964
783
485
694
970
496
657
210
330
343
19
700
180
546
619
718
958
910
745
605
419
696
943
236
698
590
998
67
956
735
357
821
894
921
741
496
783
605
339
563
343
383
507
781
583
686
632
496
883
422
78
900
680
533
224
562
159
954
326
469
95
203
690
937
331
348
308
655
555
451
354
152
743
103
760
973
71
430
283
463
233
77
761
489
269
322
831
825
878
448
896
382
452
323
569
830
510
189
44
16
601
550
396
789
458
858
519
523
681
488
166
54
705
472
850
174
652
230
330
11
44
59
