8153
352
5534
9686
9469
6261
886
9949
3731
2863
5383
8562
2071
4923
6125
7137
9398
4098
8802
5452
7207
1928
2194
4836
5252
8486
8785
3806
110
1957
481
1647
1109
3968
295
9156
8056
9901
481
3100
1592
1004
676
9631
2192
4728
5473
7080
2359
8379
1411
1928
4537
609
2692
9184
7082
3225
4065
8144
972
6845
3874
5596
631
5997
3385
8197
3166
3063
6232
3714
4662
5546
1066
4638
6942
3418
8258
9012
2168
8332
9618
2026
3662
8460
7020
5265
1807
8985
4487
7307
4488
6248
1063
5835
2472
9526
8336
841
8001
446
8607
1765
8175
2763
6393
1727
7150
439
7252
5036
8765
9434
4305
1281
2099
9430
726
1455
2347
608
920
9121
2360
8259
5774
8166
741
9000
6487
6907
5452
9374
235
2776
408
4696
3514
3103
8475
2751
700
1613
8921
4998
4906
4345
980
168
6206
8586
5100
9217
3112
720
7811
2096
2396
7755
2733
3769
2045
8447
7910
2364
2739
6949
2470
5686
7762
2149
6724
3600
6840
8629
5858
5347
5160
2296
7878
1968
4855
2344
2670
7491
3364
7765
1766
5559
5652
5772
3404
6547
5937
6590
467
3658
669
4651
470
2973
509
7822
3067
8929
6316
9982
2040
9174
5398
9896
2537
6868
1444
553
3037
2056
8358
6736
2602
3303
3391
193
3643
8602
4136
3142
9672
2158
1468
9953
1151
8886
5557
7900
4263
3494
7221
1328
8837
4162
7173
6544
1474
4179
5355
2306
5096
553
7301
6868
6074
5423
7367
5067
3907
565
3725
8673
6179
3505
8736
8319
5916
9862
407
2966
5028
6063
9198
916
410
6410
2149
2874
6717
7373
7441
9857
6153
520
3158
7643
9248
3334
3709
1975
3471
7335
90
7905
9750
3257
9766
783
9207
717
5630
9640
3114
7360
1268
5901
8401
6462
4111
383
577
5984
9774
9541
266
5092
3649
5360
4138
4132
5801
6922
965
320
3207
9343
3831
2191
3918
2761
5301
5483
7225
6963
7869
7770
6032
7676
7795
1608
3072
4329
569
5237
5342
4030
6222
6580
6028
3406
8042
9043
6486
3766
9409
7063
2053
2763
8219
3711
9616
4559
4077
8769
8606
8043
2115
7803
2140
1671
1519
8175
4935
5717
8451
3118
8760
8644
2259
8498
9038
3441
2458
8653
3927
2568
1638
8157
5316
2121
5637
4612
8741
8687
905
3345
3216
5715
5894
7796
3897
3879
8603
7458
5303
4192
6613
2842
3228
1128
4945
8048
7583
3848
3495
2304
8450
2551
1047
6002
4135
1151
150
6201
1735
4254
8993
8994
1848
3433
8236
9700
53
3648
547
9567
4169
4715
5949
6867
1186
2322
8567
7541
2996
2339
6694
2104
481
9190
1158
2987
3485
589
3881
2224
1368
6574
8731
6935
7495
2476
7693
9996
6845
4871
2550
5652
8907
6955
2157
7172
9674
972
5323
4784
2271
4638
1591
8900
6653
3733
6193
5388
5636
3789
9091
905
5961
5036
265
4164
9394
3918
9750
2000
3201
4773
8946
9052
1552
1412
5386
8014
9777
514
8950
841
1277
7700
6288
1007
7469
4826
780
3274
229
4052
3370
9601
6324
449
6242
3848
7319
5057
2665
3873
5964
769
4249
4588
3546
4912
6525
9314
6705
7905
2160
8344
8187
8264
2876
1358
1830
3320
4386
7790
8699
1007
5288
4117
1007
1960
2559
6321
4311
7121
9771
3849
268
3329
3732
6364
4304
3042
9307
2922
4688
452
7075
8207
1899
2793
1310
5781
1560
1742
2199
6090
7502
2279
2593
7799
6325
2251
8317
3326
7719
8991
5138
280
629
323
4367
4398
1846
8056
9512
784
9975
9810
1481
5166
9204
5839
4140
3004
9951
3958
7365
8691
4432
5808
6192
223
2153
148
4406
4399
4775
1832
9216
4823
2068
9412
9981
4132
9827
7309
2680
4824
8567
8099
4687
6636
2408
9894
9058
4521
3460
2714
8331
6847
916
9917
8300
8768
3766
6092
6649
8959
5813
8160
7913
1542
8412
8770
8689
790
1559
6353
7056
4671
853
6939
8947
5951
2466
719
665
618
4242
7119
2954
6049
2677
6291
221
2444
976
3435
4659
6905
9049
4172
9528
9015
9722
7290
4052
4816
3467
9772
8963
921
735
7680
9560
1272
6021
564
1721
8072
158
342
3504
9111
4292
6190
2404
6593
8447
6070
1798
7328
6819
7971
7748
1283
3072
3263
5506
8723
9221
6898
6192
7607
5937
424
419
3221
2475
1491
3564
1647
5137
186
1829
928
5739
472
2687
4299
8575
1214
8601
8672
6714
5390
6043
7837
9708
6381
5414
8004
2258
144
8400
1469
8029
6357
3829
2838
8906
8778
307
9874
4860
8990
8318
554
2762
2682
629
8444
35
2069
92
1039
6519
1349
5231
8418
5008
2422
81
2406
3923
5141
7105
9256
8493
1535
9935
2253
8710
7224
5732
5731
2531
3452
9962
8409
8108
2423
3857
5960
3515
1095
9338
7259
7718
4087
2539
8956
4939
9441
5841
6670
1716
4033
935
5736
7811
4402
1686
2203
2625
4658
9990
3909
9815
2220
7358
5070
6725
841
7602
9370
3396
4792
8990
8663
5376
4119
1678
1687
6781
4196
8900
3432
7880
8723
4120
6822
493
286
1016
9312
5473
2
5343
5417
9728
2830
6853
9865
5503
6844
3861
7146
8268
2947
6288
5040
2573
3745
5878
6285
7546
8816
161
407
8836
9160
1566
4587
6983
3811
3592
4736
9822
8617
4148
7668
3935
7408
4952
4585
9654
1929
78
3593
8462
2460
6436
3142
125
2861
1083
5537
301
9630
5571
5853
6587
4769
7517
1583
3847
4593
637
4411
4887
630
9397
1180
1092
1410
9694
3494
8918
962
6244
9525
7291
3536
2804
2442
8156
3146
7792
3320
2966
9868
7657
9202
6653
3015
818
8738
3793
8364
8703
9410
7657
4864
7432
2649
6456
8800
711
708
1995
7866
4002
2530
9416
5088
5876
4667
6103
3515
2767
7742
7118
3883
897
5937
7609
7936
3453
9938
3422
1900
4861
8669
8178
7130
4192
9714
2586
7860
3948
4682
5985
9653
5227
4350
5388
7870
1107
2154
322
7606
7823
4831
7883
9260
3478
1228
9030
7487
9879
4564
69
7635
6163
6380
8574
3239
4230
1369
3537
9996
791
7386
4292
7973
1466
935
8614
9029
8984
3304
1434
4333
5406
8484
639
5754
7641
8872
2439
3021
2528
3122
5585
7996
9458
5853
3440
9912
9010
8167
1663
8557
6486
1676
8368
486
742
3484
4753
1052
6920
3491
2871
2652
6060
8776
8378
6106
8322
1843
4727
4968
1171
4262
9314
5676
8468
4749
7217
6369
5290
7999
4008
5921
724
5248
2293
8792
9550
6927
8865
8960
3122
2310
5988
2189
9215
8993
5686
2704
9391
3817
865
8905
6490
5005
7375
4152
7195
2332
8349
4930
12
3845
9336
7627
685
9792
1975
1243
9349
7228
4963
579
7829
1818
6604
1323
7810
3208
7602
1968
3869
5677
2708
1219
8136
312
6803
7547
691
8762
2696
5305
1455
7263
1526
8188
9234
7033
2114
3598
1304
7343
5348
8418
6198
6525
9589
8054
2947
418
4669
4303
832
7310
7305
7955
6846
6675
4957
4980
8153
9249
5110
1820
1064
2984
6793
2065
6982
2553
6316
9928
3870
839
5018
5551
5339
9393
9678
1047
6501
3269
9435
8353
9397
7517
833
5534
472
706
4928
2095
6871
5355
8560
2420
172
1732
8627
3086
9197
6834
1394
8286
4125
409
9046
6375
9856
1306
3290
8363
4491
4260
2745
6901
3115
7536
962
6082
6813
799
5667
9294
4488
96
5932
2670
4425
9723
8688
1676
4975
7403
9895
9991
5913
4611
920
3996
8714
1114
1309
3283
9877
5243
6306
7720
5805
4348
3903
7779
4123
5997
3709
5082
6910
6338
3599
2746
3817
1156
1019
7552
1857
4023
7929
7380
1528
9696
4234
9008
442
7900
9615
1784
9186
8661
6685
276
6471
3979
562
8198
1218
2384
2332
9397
6870
3210
7259
7274
8440
4872
644
3182
8080
5111
6355
2167
4856
2547
7490
8164
4153
1516
783
5169
6244
8043
7311
1238
8715
7440
15
7495
262
8509
6245
3739
2880
6259
4922
4511
2922
6808
4170
283
680
5453
171
8444
4339
379
7529
1872
1740
3583
228
1923
7216
5585
4435
3600
3470
352
62
8329
2801
5800
2751
7394
683
1894
9767
4447
671
7266
1010
1662
1996
8855
4663
1697
9523
2836
9934
8872
7525
7367
5777
3756
6490
8269
5862
157
9377
1530
9670
875
4693
9237
9917
5964
3132
9523
5433
6597
5324
6290
6659
2050
980
1338
7226
1479
2919
1207
6077
8531
3859
5625
3835
1645
75
3442
1310
73
2775
427
541
1652
1810
5958
5903
3479
306
2540
3197
4006
4725
683
7435
9835
2798
755
3042
8499
7298
5244
447
5439
8011
317
8351
7188
1042
8150
3034
229
8860
2026
4291
8653
7633
6442
8104
2854
7453
3332
381
9649
8044
7617
3624
45
147
4365
7877
6108
8059
4445
265
1098
8514
2385
9607
6374
9551
110
9834
8127
249
5982
8733
4746
1000
8496
1652
5010
6641
2822
8595
967
9653
6002
6062
3650
1380
8868
5720
2358
7588
6142
2630
9161
469
9604
5899
6403
7690
6439
2833
1734
7651
1587
742
37
8536
5590
718
7970
4027
3818
9488
5918
3802
1157
8225
873
438
8317
1438
5003
4990
6730
2218
3887
1958
7157
368
5904
8016
5973
4013
5335
6176
6002
2192
5335
4412
8843
2302
7159
1094
9404
6466
6647
4981
4256
3021
2415
3542
3796
8929
9937
1208
8177
7206
421
8490
7879
1927
1092
3588
2455
1130
1652
8494
5644
2555
4528
3239
795
7678
4089
4333
9089
9935
230
8509
645
8130
4829
8417
3295
7730
9041
7331
1540
5523
9186
6080
5891
8454
2378
1908
3395
4198
4506
2452
4930
5087
9288
9885
8115
3581
4643
5818
300
6529
8558
5485
2564
2916
6206
203
3284
8244
7848
5187
7915
3593
9551
9509
3730
8662
2770
7857
5632
9130
3053
6158
7494
2048
1419
5912
3198
5738
3512
3991
8121
1207
557
6602
5224
6450
4252
2281
6544
7994
1721
4715
5846
3190
5404
365
6779
3839
1207
7881
6845
5347
1136
3668
7878
8363
4208
8284
1743
6187
4187
1528
2206
2135
1857
8006
7019
1606
4777
1697
8525
1427
1400
9299
8133
5322
7293
7661
1459
2351
1775
3022
8730
5827
296
7462
504
8009
7705
3682
8414
3574
7881
5587
6051
9569
3389
8902
5887
7884
4149
5263
3881
9610
8123
4077
9700
4739
4552
3824
6325
7619
9462
7966
5126
7561
1562
548
3331
4575
6020
3408
1705
922
821
7090
5639
8767
5368
2418
417
8507
1651
2973
2256
9519
2157
6218
5374
972
529
6455
6930
3947
2184
9121
4890
6295
1868
7324
454
1245
7748
7088
4730
8029
327
4151
1796
8832
9131
4767
4363
6636
1394
2071
2731
4249
9757
2400
590
9704
4613
9854
5338
6495
1889
3381
6345
1042
3772
9424
486
4707
4168
6038
4353
3448
5857
755
3890
3159
4683
9696
8872
3267
927
8670
6475
38
714
3756
2440
825
7475
9613
4568
7536
7335
6613
8880
8805
6210
5061
6518
9167
7411
4716
1025
6244
7313
5411
2528
7856
8865
16
4887
2447
5378
2338
9171
2279
3100
9847
2876
9508
4440
8177
6688
3346
9215
3529
5852
5203
8668
6480
1567
140
9784
6950
7712
210
2664
7216
3170
9569
9980
2254
8058
9314
1979
1956
123
4968
2584
1844
9311
7907
5374
3563
8899
6786
9630
634
304
9131
7590
4034
8821
8477
5821
7003
4623
8855
4447
551
5991
9667
1757
4761
9868
6754
1817
7093
641
7134
5662
4545
9872
1865
4676
7489
4399
3046
7794
8599
5432
5996
9139
4167
6121
2777
4224
8537
8338
3009
6106
2804
9987
5039
4193
2817
2518
7703
5818
7065
308
1653
6618
2091
1613
2160
5137
1325
6723
5940
6906
7700
9292
1882
3001
5339
1191
5097
8929
1146
6120
4414
4260
645
4187
3281
9487
7646
6108
4972
927
8082
6262
7378
7797
124
5836
3015
7754
6685
646
3653
9215
1562
4235
7339
196
7370
5405
8221
2718
1928
8017
7671
8542
4768
8716
6664
3727
3102
2194
2305
8012
3926
9072
4925
8193
9145
1432
5036
1506
8938
7559
2386
6564
9720
7225
733
6257
7039
3627
6564
7134
8454
2070
269
7953
2121
3935
213
5250
2037
9748
9574
4394
8747
6824
7181
4480
4652
1257
8272
4830
956
6906
2734
6846
4306
4861
5867
7740
3991
7388
9508
7265
835
445
1837
2699
6748
120
8391
8734
1854
9288
1564
4506
9068
2960
7049
5636
2462
9578
5981
6052
4296
2983
5130
3129
7980
6000
2228
5804
2259
9406
4687
2791
5410
6349
4845
9525
8702
2017
943
7614
9028
193
5813
8893
3605
401
3344
7002
1889
329
8082
1189
8970
4297
5230
4636
3786
7496
7042
187
4391
4734
2073
8051
7810
3037
8251
7758
1242
6526
6209
5423
5415
2454
6939
9732
8095
9932
2099
4003
8331
3012
7307
559
2874
6264
6038
8721
5223
9283
5671
196
269
5696
3607
5904
8974
8806
3318
293
4511
5714
7074
7182
5519
8438
1391
5685
2884
5938
2200
8087
9377
7623
3904
4178
4563
4836
577
5555
114
9003
317
2269
5575
5597
2043
1893
5707
5833
4517
5322
3836
2624
9601
356
2395
6372
7655
7309
6517
8928
877
7961
2272
7819
4212
3131
7493
5096
7640
8776
5173
993
3670
9586
9959
1230
4911
7098
7556
4815
7218
2776
6849
813
5858
3947
6906
1962
811
2841
2881
8030
1009
9878
2263
4506
3882
915
8477
2535
5111
7442
1852
4460
3291
6958
6137
1414
1670
6474
2069
498
8455
8370
9388
988
6010
6628
6026
6377
5685
7991
4962
1929
9659
3605
5953
8602
9284
1610
8428
9863
5670
3332
2633
5797
3147
434
8457
1614
2739
8037
3172
7153
9033
4665
9417
3196
8939
3169
4382
9341
9862
9150
8624
3397
9752
2715
7861
492
2618
9275
8779
910
1213
4784
7700
9040
827
2913
1855
7569
958
4726
5318
9418
8724
7037
1676
5269
6575
1974
5806
631
8496
2540
9593
2637
4760
561
626
6383
8399
8117
5208
9910
2313
8367
7445
3757
6846
7929
7139
936
4013
6360
120
2203
9538
9324
3269
9795
8894
5331
67
7344
3828
7117
6338
4839
7459
327
4169
7534
2357
7205
3164
8038
5591
5207
6828
4763
373
1104
6608
6270
7560
6802
7516
7738
507
348
544
670
7921
6316
9330
7369
735
4698
7706
2667
3617
9339
9088
5572
5492
1051
2590
6644
6615
2212
4435
8136
462
2771
5953
3714
3427
7
2596
6641
9245
3882
8537
3002
3925
3743
6266
7318
84
9453
8751
295
7241
7936
6127
9161
1470
4471
8011
3388
9886
9644
2992
1488
3832
1356
6598
3002
2823
4340
675
9105
2540
8784
9141
4801
8384
5320
3226
4199
8101
7370
3097
2629
910
5749
2372
9406
6226
3412
4849
6773
8667
4516
2319
4560
3424
1382
9387
4536
1585
9082
2003
7347
3057
7064
7784
7008
2359
4008
2675
7354
701
4099
1361
5221
8302
3694
121
3093
9382
2091
8642
4315
1747
4218
350
6665
2580
6790
2284
7077
8549
9890
1758
5355
6926
2788
7720
884
8955
9058
5707
2601
7148
2585
6867
6446
6783
8559
790
4004
5750
6065
4031
6461
5627
8141
3983
9169
5551
7572
9715
1100
4418
4753
7631
9735
2273
9465
5199
8256
4772
3871
1857
9197
4883
9094
2037
4015
3574
3205
7046
2338
5802
6907
8749
2807
9897
4395
1594
2184
5328
9064
8245
7311
5938
4687
7977
4506
5906
6466
7398
211
8598
5201
4569
8425
912
5029
7428
3888
541
2647
7028
9185
2658
3591
4390
3058
6091
1025
8391
4398
5793
3779
4737
5476
2383
1016
2097
651
3594
5129
6408
5256
6145
8879
60
2949
54
8038
4256
1725
3500
9352
455
7868
637
1885
2038
4975
1109
9298
4949
8271
2454
8917
6962
3512
9132
6379
9207
5355
3430
7074
2941
4913
7055
899
2451
8749
5357
4060
8532
4698
2742
3735
6729
1048
6491
2736
1058
3431
1398
9588
5287
7426
8816
979
598
8202
601
1241
6074
3575
802
5739
7542
7131
4049
3142
7700
5602
5670
2098
6448
7846
2030
7561
5579
998
3107
3645
9668
3906
757
8890
4634
6190
3703
7747
5071
2469
1422
1924
4083
513
1322
5885
2142
846
8627
1519
7839
2750
3453
72
4427
216
345
862
3448
8855
1574
94
180
6679
8546
2599
4702
1133
787
6681
4338
1940
705
901
3652
4640
8018
358
2701
9931
9988
1046
2355
7623
344
6207
179
810
9004
3239
3622
1617
5620
6714
7864
9954
1785
7656
6977
7306
5658
756
5685
9520
5427
8187
307
965
4910
7342
4095
1713
6150
3095
840
9125
2923
2639
9081
8296
2739
6602
7391
1373
719
263
5737
2270
86
1436
637
3695
7040
1873
4221
5320
1114
9212
9166
1421
2775
3319
5381
4781
5406
9438
1479
6228
1729
6140
4516
2826
9654
5779
3072
379
6688
3776
8049
7319
800
1236
4978
1950
6173
5793
9616
5102
7737
9917
7348
8395
5427
4129
2557
608
7799
8348
7367
4475
3574
2849
9889
4349
6891
4803
913
2055
5077
6312
7956
5592
8942
2024
378
8008
4612
5377
4496
5208
5800
9729
1519
8781
8561
7838
1258
6438
8424
2504
1443
6724
7693
7523
9529
3015
7474
9540
4298
5750
6142
4142
3800
7084
2276
448
2409
5340
6353
381
7361
7088
8178
6427
5391
659
284
8219
4636
3737
7461
6930
1126
2345
4144
5308
3725
3978
8183
6628
3161
5134
6052
3786
1564
3045
5107
179
7315
2422
5866
6090
8251
5579
9151
5808
2691
7982
8747
5476
3498
8415
7646
3006
5442
9935
2830
3222
8902
7303
1695
5706
1884
1002
568
8843
8882
2375
638
2977
4985
5246
8986
8006
9372
3683
2331
9139
3226
4797
8839
4042
3588
1403
1362
5138
964
705
7393
437
7531
1573
3949
2323
7944
4358
6751
8368
748
980
5341
702
2703
5646
4612
3504
7027
5105
4666
3586
9480
9671
998
1799
6789
5618
8856
1140
4959
9869
7559
2384
1959
4205
8734
7124
7970
6883
3236
6447
4232
3219
9262
8026
7761
9079
780
4872
7945
2784
8848
7946
4329
1819
2481
513
6107
7946
6391
2453
9565
7281
9960
5108
8671
1088
5705
661
3854
4548
1362
7642
7883
3306
7021
3511
8587
98
1906
9126
8255
1786
2777
9823
754
779
6176
1061
5190
1544
2534
5122
8383
5294
4375
615
5189
8473
2497
3682
103
7361
6237
7348
3431
3700
1422
3816
3485
5537
3098
9186
614
7487
5481
8355
8354
9896
7097
1053
460
6742
5151
3693
944
179
9148
6617
1849
9611
5676
7169
5853
3802
5636
1602
9469
7752
5243
1644
7371
9255
9258
4629
3058
9349
8228
3777
4308
3977
5141
3647
6616
1525
9972
2276
4244
9866
662
892
5215
5586
7567
4701
84
9387
8651
5973
3972
1060
9021
105
6943
5986
2317
5552
7563
4834
4457
7056
3586
5683
252
7710
8928
5085
512
4715
6046
9918
1085
2224
5328
7667
5893
9616
365
5291
9827
4474
7454
4596
627
1312
8084
2677
9904
1234
4611
9088
1795
352
3444
3568
765
7821
6484
6928
427
3871
5038
3362
5291
4213
7039
2520
5377
3456
6121
7994
7099
4145
2654
9992
1280
7175
2072
5762
7262
9962
258
387
5472
2343
3400
5946
2971
3387
3915
4770
6363
9325
3191
1664
2942
5294
1043
1115
3072
902
7305
3732
6618
9310
2216
2257
3869
60
7413
3238
3301
7581
6968
815
589
588
815
5224
87
14
6959
5292
8674
7826
2198
2080
3026
6599
836
3904
6325
4393
6845
4627
6164
5911
4236
5860
3797
1627
4260
2761
209
4774
9753
8372
8182
3413
2207
8537
6434
17
1594
9546
5616
7902
5858
8317
9333
2456
4207
5880
3622
9212
7006
5015
5138
8637
4255
2626
2683
4516
1127
6327
9661
5334
4043
2119
9603
6945
1502
9323
124
78
788
4785
3655
8113
8076
1223
8964
8167
8819
6781
8236
7950
1647
2401
3171
4369
7919
9795
7658
8262
3630
9130
3745
6633
7741
902
1695
7030
6772
3370
9418
8839
6816
6916
7543
2791
1685
2958
5122
9975
6110
3579
1907
9835
1873
193
515
8236
4790
7728
6700
8636
6064
5314
9999
8156
4693
161
1003
701
8226
6817
6105
507
1277
8066
4754
9707
6644
34
8137
5204
4856
8545
3527
7003
8492
8964
4901
4530
3696
2043
3418
5379
5963
2102
8470
7332
3124
5325
5830
4236
4044
8110
6351
3561
9552
7140
1147
5672
5868
3276
8709
5805
1811
713
5218
8655
7243
9145
8833
2700
9951
6206
1897
8450
5683
8775
1875
2229
9382
2775
8024
6518
855
9336
1034
1153
3029
798
2979
6164
8521
7675
259
8812
370
3110
5097
2424
6734
1261
3709
1560
6798
6798
2728
2591
3190
7100
7273
2409
376
7544
9169
335
4242
6399
629
4699
6747
9525
8699
4048
8569
1310
1760
2870
8211
9263
1812
8722
606
929
2421
7422
3703
8374
380
2643
2730
8024
2606
7556
927
4262
5774
1241
9882
7369
3715
2199
7008
5645
7503
4357
4137
9228
6142
3930
6094
1955
2311
8673
6336
7301
5832
4181
6030
4268
7387
2115
845
6109
8970
6800
5583
6528
2837
9376
3609
1557
3042
9362
7392
5052
4546
4963
9824
304
203
9245
1057
2189
3884
6154
4560
5884
6011
3500
1647
5398
5126
3496
7112
1185
5177
2784
2776
3806
4299
59
6467
4345
3541
4714
2914
1311
7624
4293
731
6329
8929
8220
8777
7931
7
1268
8486
2211
620
5197
6060
4356
2653
7819
5669
8990
9667
3231
1141
3650
7513
3393
3079
6610
3119
2948
7962
4699
3750
4733
1456
830
6228
233
5916
5827
1144
5464
5684
1409
7291
527
1773
6747
4917
4083
9741
1873
7970
207
3600
9708
1005
4982
6242
5856
4251
6581
6222
4345
312
4638
3666
4849
2777
1615
7624
9151
1136
9855
7654
1858
1039
936
8586
1318
7777
7064
3205
8141
264
3610
1347
371
5184
9783
5713
992
1130
4700
2352
2480
3920
7339
4029
6053
1118
549
265
6015
4162
5927
9568
2825
1017
8590
1192
9303
7806
850
7981
5485
5370
5558
1501
3476
6576
7852
2040
6142
526
2905
1464
9335
2642
907
8103
696
3080
5896
384
6259
6518
3515
9219
1733
5553
825
1194
346
5373
4456
5485
7013
5075
4306
8149
5401
1249
2002
8701
1047
7569
1313
5245
5410
464
9431
4585
687
8123
1481
9653
95
7583
1432
184
3111
5553
2605
1485
7538
220
2058
1614
5132
5608
7957
2418
4083
1229
9754
6582
1655
754
9962
3964
9573
5869
1204
6131
4176
8164
2077
9479
7698
8573
6198
9772
4233
8046
7052
4593
155
8982
616
2687
1564
7345
9535
3099
3423
4003
3272
7088
4455
5191
414
471
9527
3145
172
9965
5665
1128
7302
1386
4413
7764
8
26
6318
8969
3085
6743
9460
1706
3205
1433
6351
4937
4879
4809
5832
8584
8806
8907
2240
8745
9967
9622
4799
1939
3347
838
583
3851
5513
2048
3170
6625
4079
6678
2567
8036
9219
8521
4651
8637
4912
8859
3822
9717
2047
1873
1645
721
364
4476
6954
7964
1407
5416
6959
3833
5772
4253
9429
1846
3819
7812
7932
8678
2961
2599
2785
3040
6857
7203
6938
7169
8799
1974
8910
8309
6351
395
2632
8199
4953
6141
6315
3107
772
3072
5357
9858
496
4670
4350
9791
298
1065
9182
6698
6933
8910
3642
5569
7709
9269
1662
7171
5063
1150
3349
9386
9158
6292
3445
2481
4251
2752
5351
7817
5530
3457
2622
6820
687
8837
1614
8876
6621
6866
7517
5729
9415
7774
6833
8271
6953
9007
2105
9949
5159
4020
5528
5384
2812
5393
1172
4607
3843
9817
5213
3536
7327
9405
9758
1049
7506
227
5321
9722
7590
7926
481
5081
6039
118
2161
2027
6953
6879
8674
4057
8310
9904
5003
3276
4207
8491
8423
2359
7270
6453
5282
9586
7346
9966
8239
7190
3105
2200
9415
7860
4382
3109
1249
4715
7490
9591
9421
9672
860
2659
5027
2186
5018
9602
8292
2893
1522
4506
3295
4069
8232
3186
6998
9084
4775
2036
9560
5468
4940
7659
7463
6931
4056
6729
209
726
1885
4337
7519
2948
6753
81
3653
1927
7058
4503
7868
7838
3480
1681
6145
9798
3699
7423
3950
3445
2000
4559
2036
567
1070
9346
7699
216
8444
1622
7810
5125
8484
3057
9519
8415
6118
4100
4989
5655
220
267
4747
953
1687
2496
82
6616
5335
6945
7004
3042
5919
695
752
9925
7959
2829
1022
4204
5131
1798
500
4279
2894
8640
5928
6983
3201
4401
3614
5719
1297
4474
7361
9948
4613
38
3394
8454
7127
8682
1431
3004
5045
3215
3960
7458
5406
2014
41
3726
7614
4469
3080
2078
6318
3866
4477
3653
3467
7864
8764
1551
7246
5695
3033
3400
4202
8463
5870
1136
1161
5366
9818
3239
6856
463
1886
4856
7661
8076
4292
4501
9644
7377
8580
486
2609
2388
4146
7460
8665
9713
7465
1679
769
6525
2985
4463
6506
8659
7216
1178
6929
9266
5799
5411
1063
5114
537
6478
2293
1666
891
8534
3759
4630
8788
4585
8646
6263
1956
1744
3771
5396
2052
307
6209
4413
4176
2375
5155
5945
271
5375
3849
7039
1831
3192
839
9511
8798
2967
563
7926
7433
167
6969
9269
2426
8403
6520
1866
660
3170
3512
9845
9964
7292
2739
1731
3295
3790
5640
4674
7420
1925
5064
8757
472
9441
6559
3027
3647
4905
5201
8561
6588
3739
1550
5913
3157
7803
6488
8289
8283
6759
8283
9280
965
2662
7350
4112
5552
221
8660
3384
5546
1110
1501
7077
3180
8767
2729
3941
9865
3328
1822
4226
8642
4215
6068
9686
7576
1428
6261
808
3613
4408
7839
9328
3715
1298
9413
6273
225
8185
1085
7633
7116
197
5984
2868
4960
5102
9110
3255
3431
1009
1800
9643
8261
962
5566
9695
5473
9158
5404
20
2647
9087
9733
4625
823
5848
8751
4477
7853
7112
3021
8926
4548
7327
5416
2853
1856
8691
7207
2521
4776
9133
9083
616
2752
7427
5209
798
2368
4327
2639
358
7921
326
3254
905
899
2395
7446
3101
823
6040
3009
2399
8555
4334
3372
8491
9484
7201
5297
7304
7699
8694
5956
7922
6749
3
7415
2320
2579
9937
7196
4304
7288
1016
3301
3533
977
7728
7617
5850
9978
9551
4871
4845
7279
9843
1300
4605
8431
532
3467
967
7105
7150
251
1730
2228
965
998
7919
1968
9312
2203
6095
8982
3789
3289
3269
8941
8035
1389
8866
696
7443
7487
3206
5474
9855
450
4841
2302
903
5933
8809
574
8896
9547
3830
7523
4495
9218
7819
6472
8709
272
9276
7836
7700
2803
3200
7064
3697
7304
5402
7414
2221
3953
2991
9287
1903
1187
5979
9910
9467
8952
7802
6347
1214
4797
8256
2208
7429
8762
4578
1135
4769
5849
1958
9249
6859
4743
2973
9066
3956
9073
9953
4660
8098
2223
3641
9721
6075
3796
5756
4789
2202
1820
2541
6762
1860
791
1484
6943
7729
3530
9280
222
5274
6041
1025
1841
5858
9403
6291
9861
9647
2065
601
1945
2419
8563
2494
2291
704
8252
2738
2254
6119
543
3112
3713
1774
8284
2617
2500
7508
3035
4124
1171
8477
6805
9214
742
7158
478
5962
3798
2040
744
9120
5807
5751
987
7562
652
8249
2997
6882
3635
4952
542
3317
1842
8923
8964
5272
4618
3141
2766
3578
8082
3826
877
2502
5823
5470
8701
7966
7866
6717
1329
9674
4382
3648
848
5285
372
7322
5847
2004
7663
5784
8657
8189
8046
5775
601
2038
8204
6555
2678
2870
4632
1785
3292
7718
7983
9666
1992
2078
1869
7900
6823
6417
3899
5460
6229
4512
1420
3704
1354
8835
785
9079
522
429
6001
7127
2313
8107
3643
2112
2983
3287
4421
9135
4764
806
9465
8151
4345
9653
4116
568
7707
809
8447
1279
4750
2489
5362
9093
9478
9434
4494
9717
1476
938
2298
3066
8640
6219
9850
9282
6932
9315
2952
4726
665
2090
537
6251
5356
7374
3805
7316
4290
3988
9666
4549
8898
2844
4022
2329
1208
845
3217
6114
3709
9056
2796
6838
9049
4919
6792
5139
1780
4368
6989
7936
371
1186
1285
7930
1668
4058
1841
4659
208
9540
3779
5305
6314
8535
2033
42
1226
9501
2469
5970
4200
9740
9504
5416
2138
8217
1568
7122
8624
7337
627
4020
5779
7657
967
6994
794
1100
429
3429
7615
6450
9565
677
1980
4571
7361
4381
2396
2996
5776
5517
9006
4506
3008
1535
4717
6568
4716
4996
4653
8570
5076
9640
3127
3963
5273
8083
5473
2846
8880
5330
8119
885
8026
5358
1304
3599
373
236
2243
4041
3367
5189
4190
8026
6379
2808
5287
2815
4728
4030
1962
3975
2848
8312
1595
2009
5959
8828
1484
1869
7283
4552
3277
5770
5372
8134
3596
2526
6283
232
2711
2232
2743
3696
9763
8645
2235
2984
247
7506
7989
1175
2250
6637
2914
4646
163
6582
3387
2647
9959
8496
7446
6272
1703
6209
2207
1650
3069
198
5753
2051
2131
6493
9261
1437
6709
7245
2845
2204
5479
3217
9906
3526
8769
4016
7140
5854
3067
4339
9254
7336
6054
2450
1475
1211
3119
7326
3716
9203
9516
7074
3049
7734
7031
5017
371
4509
1193
4557
2880
1389
3967
8310
2875
9956
2352
1715
4942
6748
5901
990
9928
5498
9203
7410
270
8847
1990
2191
4509
6564
4519
8842
4224
4448
6088
813
4230
9387
8763
8791
2192
2226
2684
2731
5436
8406
9532
4975
4625
5374
8627
8794
5312
8321
8703
1627
4292
2848
7861
8675
9736
8634
7876
8403
766
3946
64
4566
2151
7424
5911
980
2995
9843
3535
2212
3834
2854
7564
5070
1307
7692
6852
9010
514
7816
9026
6952
8411
3333
8070
428
4557
5544
1519
2250
1539
6061
6113
8478
5147
6265
8418
8722
1436
1894
5127
2517
6069
6032
7874
4252
6690
9524
3587
6956
7860
1699
2962
9397
6896
280
5992
3168
2934
3313
8397
9676
3815
9918
2140
4104
2052
4690
8031
9354
7455
7973
844
3918
9451
2507
5957
9970
2613
4781
4548
2345
9703
4287
2363
9301
4985
1057
2592
3735
9803
5565
7183
9715
3584
8815
940
1546
1282
3200
713
8858
7464
4246
7854
9593
1104
7539
2579
2
6605
3398
5796
3579
7538
3422
4658
5985
7272
2798
3975
364
362
7354
3471
6544
9934
3997
1302
5104
3397
5282
3342
6430
6564
1320
809
5182
6178
4011
637
4378
2604
8674
4095
585
7045
9391
6652
1637
3240
3505
1668
4600
1501
9618
3448
3158
3018
4296
4216
8838
8127
9089
2517
3866
6550
3182
2994
5502
4737
1723
9465
7673
7168
7971
2519
7907
8751
6506
3078
3902
4014
9601
5584
1859
7499
6315
3807
2843
2873
6869
6156
983
5967
8771
4286
8531
4452
9621
9484
2639
961
4360
8973
3336
7196
9184
3201
2622
3514
3746
7560
6073
813
2273
3611
5197
7855
8308
7677
960
618
8539
4013
9832
7306
1276
2052
9094
9910
9415
5122
9209
9611
3891
9440
7218
7650
9218
1220
4489
5754
2557
2229
8427
2622
9247
3479
1471
3796
7064
9777
2013
7308
9638
94
5724
512
5104
877
9995
5246
7482
7438
764
7199
8974
6052
6662
9725
2183
4221
3619
4126
9814
9310
4832
2522
973
4274
7892
1273
4713
7892
5628
4394
9379
102
8941
2273
7188
8774
7408
4174
5355
484
9730
6499
8921
5569
8423
347
4055
9958
7929
6536
3853
3304
7289
9011
6649
7329
8343
9014
4830
5266
9642
9286
1016
1809
4716
8340
1854
8160
4386
3725
5753
1086
800
6701
7653
6579
4999
6362
2913
2900
2214
9397
6838
7051
4886
2010
8861
2791
695
3145
2784
5027
7460
7110
8612
9412
5107
449
7481
7180
5974
5283
5371
8833
4221
8506
1698
7292
1119
5167
3972
3129
3982
8539
9756
7781
8725
4891
9631
3
5476
439
8014
5868
6383
8948
8024
5115
8576
9374
9402
4146
5878
1896
1296
1369
6443
7623
7748
3133
4014
2764
880
7948
972
5297
1216
7526
4449
2143
6559
2964
8874
4811
594
2858
6499
8600
7185
7477
4410
2940
9453
7236
8040
72
4782
1022
3668
2830
2212
3019
1569
7240
1761
1852
1983
1855
9265
9946
2735
3590
9825
2470
377
5557
834
1340
200
210
8894
7813
6560
4453
69
7752
8788
2540
84
6656
4932
8705
8409
3845
241
1466
187
6228
4970
8865
5869
9511
8316
5288
1833
256
262
5398
3236
9016
5618
1577
2890
71
5606
9366
1478
9079
9589
5660
4489
689
5426
361
8082
7555
6897
9877
5777
3183
8635
8255
4071
1831
2549
9634
1666
2689
857
6412
2338
336
3469
6045
2819
5843
567
9494
2799
4481
1143
919
3045
2868
49
5756
527
6384
1097
4550
101
5093
9266
3993
4969
3722
6283
9161
9541
5302
761
7865
1154
3995
4982
5808
7433
8314
7494
649
5313
3389
2938
1747
8556
288
9586
1817
4295
9453
5124
215
1061
4776
4846
2627
6243
5375
5727
8725
9492
7232
8575
1122
3496
5098
6605
3162
5907
2657
7121
4947
5087
245
4335
6364
9251
4568
4860
1658
5551
4023
1729
6693
137
9761
5931
3083
8399
9266
2
7295
3028
3513
5454
5934
7364
6991
5629
2962
3979
6202
4455
5075
2491
1741
1059
6289
3829
1937
8934
4649
992
4258
967
3477
528
5831
5290
2460
1909
4881
1874
1246
676
2214
9552
1969
1458
43
3181
9718
8343
2471
8814
4805
7651
9173
4494
1807
9549
3109
1788
3364
2793
8393
9126
6243
4735
1066
1440
1750
5362
5261
5870
8146
3306
9437
9503
808
937
8547
1874
9996
1949
5464
9293
3518
2798
2878
6741
2232
8996
8631
7554
4508
4437
194
7419
7430
1980
5838
3294
3138
7015
127
9253
4217
298
6056
6533
8986
9092
4962
5976
9369
1302
4865
6349
7159
6279
5654
7841
7249
3481
7394
9412
342
1403
3355
232
6390
238
5127
2972
7035
9053
1551
9324
9662
9682
4568
1412
2817
5053
6436
7480
8428
6295
7658
3555
1578
480
311
8092
6664
7139
1436
2282
5354
17
7134
9174
6066
9740
5243
8107
6733
5382
177
2191
8420
9756
3167
8796
9213
960
7703
5395
7003
6913
1694
1037
6387
3994
4898
8851
1772
1630
4084
9609
9707
6111
9138
7882
9392
273
4228
3157
6879
826
8445
618
6936
9928
5712
130
6348
533
3924
2713
8891
2836
9959
3743
4073
1652
7589
3028
3430
3281
9946
5375
1259
983
5378
3302
4614
7417
1101
8123
8179
8728
2036
3361
9034
6148
9639
9328
4693
4732
6439
8272
9379
1383
2813
2630
6250
1406
5615
1458
6146
5207
8921
669
628
4446
8018
9546
4738
4041
2232
652
5272
4494
5573
2989
9241
2750
8136
659
6797
461
7351
665
6945
6863
5006
1527
8638
4022
3939
1146
8537
8152
297
237
3247
7339
5368
7490
8634
4335
1134
7470
2411
4407
6944
7393
3074
1132
1937
806
1474
5226
9541
4706
6226
4524
4555
7833
6486
2134
7198
8466
897
646
6115
8557
2294
3049
7230
2964
1692
7442
8962
4230
6880
5198
9531
2811
6801
5472
246
3801
1420
6465
1112
4295
2405
6449
5194
9265
224
9539
4560
475
4848
4009
1993
7131
7221
524
6036
5578
5270
8297
4489
2006
8535
6284
9767
1891
1838
4625
1683
9454
2263
2966
366
5430
3020
2551
4238
1558
4063
5888
7491
3706
4408
403
2060
7731
762
6010
6917
5397
6862
2786
9471
7714
1591
6125
9245
7376
5986
3888
9212
6328
6278
1383
2916
2111
598
3926
6473
3642
6798
7506
9391
4001
7826
2193
978
2536
7129
9514
1343
5798
7760
2854
1005
9802
6989
924
2810
4422
2614
591
5809
5320
2516
3638
4184
7977
6615
1843
6434
9792
3155
1410
6220
2623
9760
8249
3230
7520
3160
1135
2341
5187
4462
1095
8942
2074
3406
9002
581
756
7015
4727
7640
9316
1143
3832
7029
7919
9846
5167
8534
9137
7862
1234
353
4217
2979
6549
2742
514
9559
8542
3873
9865
6403
185
7732
7346
5264
2660
7087
3127
717
1854
3163
1778
1214
8396
9564
305
2613
8439
3940
4661
5080
287
5705
1764
3725
4375
1825
8368
2743
5247
9153
9176
4559
9847
1163
5683
471
890
8266
7315
5293
2060
9916
2877
1295
6074
4920
229
3300
7900
5722
3118
5918
997
3894
3826
1086
6611
8704
4855
3990
6845
7070
600
618
4089
5321
4681
663
604
6969
6933
5211
9352
4282
621
8159
5377
6522
7547
6427
6542
4354
8210
6046
7938
2143
1796
5019
3528
7052
981
414
4771
7974
1311
6409
2681
6252
2801
3571
2618
5366
1247
9490
8502
6978
5332
721
4350
1290
3202
4665
4395
7122
4099
3178
5564
4353
979
3471
7028
9348
4854
9900
2004
2662
1352
131
6386
5137
8159
7256
1669
8017
5966
7984
8108
1262
5343
7471
7224
5761
8146
2541
4730
7624
3950
5057
7024
278
5128
4699
3514
9110
7306
98
4944
5081
9002
685
3546
4013
1550
8738
1697
7430
6045
2005
8652
8569
7411
8342
9207
3448
7748
7213
8685
6570
9415
7464
2558
3159
7699
2515
5641
5860
6729
2627
4616
4634
6697
248
5384
8620
1853
2374
2239
3099
3165
9099
8973
8164
4879
7164
75
295
8224
7388
1772
8385
3415
2383
1788
4191
9727
433
5245
4802
8069
918
5879
6973
5384
766
7179
7611
411
2700
5038
2278
3475
1375
8039
8856
9896
642
7035
2885
9173
8615
1426
7672
6595
2177
3669
4874
9763
775
7311
2459
9375
8602
2111
1001
2861
571
3388
5722
4150
4785
2189
7859
3936
5618
5946
297
1516
9723
9561
6435
5229
1824
6125
5502
7889
2768
3151
1881
7837
2908
3787
5139
5321
1994
8445
8790
7703
9649
2709
2598
1934
4232
4185
2534
2725
9970
2234
7010
7162
9574
3466
3272
9611
4189
7234
4397
3916
2802
758
8790
8566
8167
9102
1501
4917
7169
8055
3041
199
7721
9233
1043
4975
8627
6407
2248
7724
4128
1293
4041
7890
6919
8427
9651
3743
635
9565
447
7933
7637
8568
7868
4033
8125
7325
4853
5990
9897
4775
4831
838
1590
9946
8865
7033
5517
2824
7576
1020
2051
8558
65
1091
2224
5930
8214
5002
9511
3542
2906
5845
8424
582
1571
7790
5605
1475
2993
4539
2926
2288
2887
9435
9019
2089
9457
2893
4537
6390
2843
8357
5994
2333
1706
2035
2555
6676
258
8357
4205
4393
999
7071
6565
4491
6071
1667
1686
9205
9079
2490
2123
2679
5311
8976
1342
2147
8509
9521
2542
8162
6990
9189
2831
7004
8463
2840
1407
7182
5349
607
4923
4092
1258
3870
7904
3064
8835
4589
7193
149
8416
5896
7813
9015
6268
8865
6116
7300
7948
8904
5795
3517
4533
679
3571
3693
8330
9407
6402
4149
8440
6920
9425
4056
6469
849
2647
7831
9741
8675
3306
2390
9113
7179
499
2776
4025
9890
4332
3767
6694
8301
2742
2409
3016
195
6524
9190
4453
4587
8833
5756
3742
3059
5920
6830
8942
2220
9277
2196
2570
9793
8273
9368
761
6183
1956
5007
446
1799
8129
9730
1717
4278
6510
2336
6168
3778
2692
2338
2118
7049
8051
1195
398
7160
2950
4200
8030
3009
8935
4556
855
1695
4316
4962
1220
8819
8311
2000
3828
4998
3919
7794
6173
1639
7002
7467
6952
7189
4168
2078
9761
3986
5307
27
492
7896
9493
6168
5563
7248
2856
6109
7840
4696
3819
8648
1102
3014
5527
9162
2858
1676
6028
3872
1736
915
519
1354
8735
9714
687
8419
8900
7262
9775
8649
3107
8677
3126
2511
8672
3252
973
938
6825
7107
639
7885
9208
3373
2531
7374
6445
4271
3348
2609
6252
5768
1862
2487
6834
8219
5854
5403
722
4415
9095
71
2461
8947
4263
3281
7798
5743
3252
6986
1772
4507
8403
972
7060
2672
3480
3794
5807
3015
807
1271
2906
9998
2696
5034
4375
8499
8208
9493
2906
8511
9731
680
7141
994
8453
3323
9936
4709
9498
5677
6491
382
7066
3977
9455
2151
737
9558
2312
8659
6520
4934
6115
8755
2255
7965
1051
1918
2591
3220
2448
6053
4331
4221
5915
7470
3131
588
2073
6774
7254
3108
1170
8979
8516
9335
8648
5729
9520
7138
3917
6562
4802
9171
1322
2276
8411
1958
9368
5431
8451
8861
666
1337
9984
4437
6819
4517
4727
5896
556
4337
7695
4602
3040
746
4448
2991
5062
7436
8930
506
1064
3411
4091
7498
8818
2345
8312
5277
6229
6531
7103
9506
177
8672
1991
8999
3513
8883
4486
3003
2198
940
6186
8978
3814
7171
9351
4777
8794
3771
1451
2708
3312
6613
5696
8200
8854
9537
1826
5325
184
2143
1276
6009
7793
2987
9984
232
1457
6656
9003
1997
1936
3096
3779
5328
9247
8395
1630
1302
8667
6809
2214
8854
5191
2979
9458
3332
6389
6912
9919
4706
4949
335
7836
2982
3034
7394
2090
4790
2146
2762
2434
8740
5891
1110
5533
6027
5045
4217
7673
8356
6588
283
561
2765
5392
9678
9159
4964
3145
240
7883
8266
4735
752
8518
2457
2832
9448
265
2758
4989
9522
1526
1728
6178
6050
2092
6414
1503
5926
1339
2095
1853
6640
2404
1169
467
9301
5466
3298
6542
4223
4791
90
354
3014
1611
5560
4994
4278
7798
1743
8678
1137
6658
2653
1631
5826
4504
9899
5607
1387
7378
1550
3204
1736
2959
5705
4286
5768
7923
5140
9820
1712
870
8031
3582
1315
5891
9779
8620
2645
2008
6098
1040
9973
8581
7730
7934
2455
1223
7786
983
3088
8521
36
6270
7790
1788
1102
9443
4182
8155
784
7065
6096
6934
459
148
3400
5948
6079
5614
7960
1087
894
984
6530
2963
3027
1191
4658
6202
6944
9565
5149
8885
5147
3394
3748
2198
2618
1496
1774
2841
190
4481
6706
2921
7426
8428
6401
4833
8975
4632
7572
4273
5225
1238
9444
3856
2582
81
1138
3740
2835
7923
3453
9690
589
4577
9923
4962
9225
9387
831
642
1564
5005
3205
5273
2990
4047
6251
5094
9472
8994
474
214
7357
8882
7183
1190
3773
2953
412
5456
558
1982
7728
5671
4049
6921
5779
3291
8844
9105
7753
9656
2314
8080
4732
9369
6215
2372
6995
8197
9400
999
5159
3585
9779
1678
4620
4854
8457
551
3001
9202
6034
9268
9707
4403
4100
8923
1904
1815
4935
6210
2061
8446
732
1218
121
681
7048
5064
6140
4292
490
3154
6822
3164
809
3807
9838
9787
2219
1883
1562
6730
2890
7966
5614
6654
3832
9075
1129
1802
153
6552
2580
409
6521
5463
6252
7338
4184
5850
7415
1965
7055
4296
7709
3417
8247
972
2835
3102
1560
8210
325
1860
5572
9866
4277
2147
7663
2407
2578
6286
4054
967
1649
5908
9230
3324
845
5908
2819
5368
2329
6523
4597
6359
1146
6033
6283
8226
8965
1070
8482
260
2855
8845
1540
775
83
6056
4235
3274
7278
8061
5027
497
186
4548
4763
1831
2645
7139
1994
3707
143
7681
6054
8029
2844
8338
9582
6178
6282
731
849
6384
3116
5954
2434
1390
6605
7011
8693
6647
9982
7735
2329
4492
719
3888
661
8443
6439
3074
2761
3949
1239
9431
7641
4098
7126
786
4488
9278
3205
9455
9032
9290
5590
627
8030
6963
7905
2369
5360
9971
179
5327
9696
55
4772
8832
8245
9857
2409
3790
3551
7513
4589
3105
8696
2946
3567
415
7558
2495
1904
2851
3657
5984
1352
5686
3424
7888
8236
4877
2168
960
786
2431
6345
955
8760
5604
2471
2115
8908
8832
3699
2738
6223
6656
9531
8053
7747
3221
608
9208
4075
4890
5863
1635
1665
6745
9586
1654
6657
6483
7872
3645
2016
4552
9624
1640
8109
1750
2014
3827
5046
6881
363
1869
9823
154
7707
5728
6311
4785
6322
133
834
64
5395
7302
2800
7648
4885
9653
4022
450
9131
4945
1345
7737
3676
7531
9763
7915
4325
8984
6844
8694
5231
1532
1051
747
3828
91
8454
522
769
960
9204
823
634
4379
331
5209
7981
3050
6558
2367
209
3128
4373
3200
4507
1144
8128
2257
7089
8180
5047
4904
293
2682
5213
716
8646
2748
6305
4180
8189
4471
7191
9873
1274
3531
3907
6925
220
9503
5183
2219
3993
4302
3654
754
6030
4840
1750
4359
1676
9362
9273
3938
1103
5706
3058
1996
4499
5335
3325
8589
7749
118
1573
8153
6293
6928
739
6991
4796
7037
815
2795
1715
8398
3769
3380
1206
3754
8411
7251
740
6714
2579
6742
7697
2373
6561
5055
1776
9883
6779
4215
5654
3187
6343
9029
9018
4406
7998
4921
3660
6354
4272
8315
812
2674
3087
2072
3367
2321
6275
7662
4768
3790
6196
5015
6294
3956
8676
8445
5445
3395
4319
5119
2669
5695
8038
8641
8270
381
4201
1495
3207
9567
7844
9604
6203
5454
5622
5761
3637
5299
4162
726
3920
9648
830
5028
2879
4080
1156
8283
6807
5978
9811
2937
5932
2733
3210
8209
1152
2789
9666
7819
2392
2391
856
6292
4972
8375
476
3514
5238
6790
9249
1828
2782
8645
4239
7281
4226
5765
712
125
9124
8024
2302
7348
2859
1873
3024
4631
8703
7967
9129
403
4152
1139
2338
3460
4990
6839
9793
5284
2983
3529
3578
6672
9312
189
5340
479
1035
3466
7965
7855
7618
2117
3612
3232
4972
6376
7394
255
7338
6763
6405
2139
4780
9776
8561
6199
6568
8393
1320
1435
8779
9521
1468
7313
353
8507
3449
8165
1408
2134
7818
9149
8067
1552
1827
4918
4790
3353
3190
1488
7950
8359
7974
4181
4188
1958
112
4044
2485
6572
4252
1868
135
9976
8121
1564
4556
3363
9581
9437
5673
5133
6634
2829
2685
6113
6336
4778
2840
5757
1405
7401
8271
6355
5490
3166
5290
7821
6294
1413
4047
9515
5091
9912
9803
2974
7546
2935
932
1172
2599
5632
9677
7822
6201
3215
8396
8442
8601
1847
9788
6472
9932
7168
9065
4560
326
2412
5552
2481
4940
6519
494
1846
6822
5331
8710
7503
8157
9769
4155
5405
3098
4870
4057
9634
8365
7568
2122
3481
8394
9293
4520
2213
3197
7053
5004
7655
3142
1334
7713
1962
6031
4768
3848
4799
2568
5440
3928
5747
9444
7243
9253
498
1810
1267
5709
2185
1599
23
6005
1942
2745
4128
9679
5193
8449
3736
3789
1819
301
4147
6453
9307
4409
294
7358
6974
8661
6903
1742
1662
7334
2774
1458
7273
5391
6892
7192
1644
4462
4763
8882
5898
1166
5390
4327
7524
6606
4114
1337
2649
5190
2128
7705
1237
7271
9130
2239
8527
766
796
3617
3733
455
5036
9348
3908
876
1060
2529
7435
3783
564
6580
6903
1872
8961
3263
8935
270
5507
7016
2944
4045
2361
9076
6764
1880
2453
2213
6830
3234
6447
356
5046
8573
1127
6848
370
3130
4673
2932
170
7640
2390
9920
786
4389
5246
1306
4668
5115
1173
4652
8400
4671
1997
6879
1663
4357
3476
7952
4752
2012
7005
7981
5748
4748
4207
4474
221
332
6809
74
1072
2400
9094
7689
3863
6963
5871
3027
9393
9202
4006
2437
5644
2372
6649
1283
8504
4246
8599
9071
9129
5039
1959
5232
5312
2325
9238
2711
5470
1986
7475
8791
2657
9515
8406
3153
8947
1547
1980
3042
357
3041
6231
692
7307
1936
4745
9562
579
800
7378
3392
4788
2766
4991
1188
7532
6681
5687
4479
9909
4495
6028
8806
4506
1208
803
9472
1833
2310
9042
6750
7776
7237
3534
6028
7845
3659
7725
2069
8726
9445
3676
1851
5944
1250
7596
7010
6771
2437
2819
2507
4339
3294
221
8317
9126
8952
7014
8511
8438
4044
9748
2917
4818
8176
8253
5317
4009
4736
985
325
1092
1019
5771
4751
1500
4033
6732
2487
4292
9866
3666
1354
9176
9870
478
6833
1159
9876
8094
4048
6554
2877
768
1911
6858
5573
2577
229
6241
1958
5117
6898
3279
6961
8596
769
3572
2085
2014
2400
6740
2802
5997
4779
5612
2470
2776
9027
9786
3904
8335
8211
4297
481
2585
2087
8341
8166
6366
9293
8645
8908
9584
8010
695
9616
9248
1594
663
1666
8129
6624
4993
2187
3744
4828
405
4337
4591
8251
1838
4687
767
3222
694
8984
3601
5888
2655
7357
4236
1828
1478
4909
7868
5923
8968
9396
3398
1063
3809
7098
1290
7801
8790
3025
3908
6367
7800
4629
4132
1836
628
5318
6838
2643
4686
4504
8337
9173
1961
659
5989
2035
5411
5809
939
8348
6703
3574
7808
8231
8874
1091
2310
7306
4628
8554
3691
7367
1803
5801
4958
8062
407
6116
362
5875
710
1308
7815
8692
9006
2503
2646
2070
7685
9476
9808
589
9284
8730
7371
2593
1045
7871
6749
5856
9997
36
7281
3259
6203
103
704
7098
7121
4591
720
2907
9504
1940
1463
9976
2236
3153
8401
4869
5221
8092
8443
9960
1456
2727
4828
9064
7019
2588
4840
3204
9838
5599
5121
2231
1446
9465
8195
6177
4099
9666
8889
9305
2072
9671
559
9267
9600
2
6342
5582
9495
5824
6586
4787
1080
4077
3303
811
5745
8294
7487
6391
7863
7101
62
5514
9474
6115
9804
4708
2062
3344
1011
2558
5913
1528
601
9184
1312
2656
2776
6593
280
7956
7493
7933
4286
3701
1627
73
2626
2546
1266
440
3251
3628
6675
7966
2388
7122
9418
780
7890
7944
3176
4742
6809
5122
8688
7896
5295
7086
7784
3787
514
9625
2028
5549
7391
5071
7131
7241
1303
7680
5934
9925
8442
4319
4693
4861
9220
4339
9116
639
8565
2386
8485
9879
8413
7688
1414
8835
9519
9461
2908
8645
9029
5757
2761
667
2485
4358
6495
9743
787
7872
3574
7078
4079
6563
7507
4441
6665
4832
1253
559
8994
7316
5016
7787
5980
3327
8654
46
5771
5318
3012
5767
8651
9275
5041
1258
5264
298
7593
9239
6447
3672
1980
6682
3035
855
2762
6987
9891
4463
1108
4425
136
3822
1261
4683
871
9354
5841
7622
7227
877
2505
4128
9399
343
8988
7286
7535
6269
215
6611
5188
5912
7131
954
760
705
2980
7520
953
9451
9309
5891
6104
8963
3023
7177
4128
6017
2087
3965
7144
2742
974
5952
905
2065
6192
1416
1036
4571
3989
9188
3911
8428
9170
5336
2196
2000
4428
6762
2049
8946
1272
8067
5667
5232
8051
6465
2513
1483
8065
253
3049
6726
1648
8046
1349
7035
7119
7675
7333
7182
7883
4974
4206
3100
1103
2183
2915
5296
1231
8517
6393
5271
3782
4207
9197
773
2345
6705
5897
6418
5091
3320
307
4475
1273
1823
6624
7493
2375
5987
516
9486
8818
9
4503
4789
6035
4075
1895
1906
6982
8858
6161
5955
1145
8818
1482
1198
8358
8054
2004
3727
4444
7262
771
169
3838
662
7977
8944
7330
7618
7497
4319
9168
5757
3993
8615
5608
602
1135
4766
846
2789
6900
8537
7285
6782
4339
8899
5441
5334
7466
8046
6904
1016
4384
9941
1232
6887
994
4717
7156
6436
1926
2076
4884
6432
8072
8122
4643
3030
6508
6401
927
8702
6696
3361
493
3541
4126
5653
9680
4923
4081
4005
5788
5115
3912
9181
8583
8653
3889
8056
5179
8531
3787
7919
4989
9469
6827
3460
4345
1077
805
5207
6228
7765
353
6231
4852
3222
1058
2389
9774
9110
2319
6782
4405
7047
7229
5193
8957
6370
1739
5048
6937
9253
7614
7924
6816
3094
9256
9545
8677
1357
6887
3020
657
7241
7178
2576
526
2130
9077
3948
9284
4255
1810
8929
9097
4165
9964
4835
1518
7733
6560
8813
2601
3914
8494
8751
5320
6689
2057
3349
6134
1910
3789
682
8095
6302
6291
2292
4263
4904
6950
7437
4985
9013
8091
7263
907
5185
6022
1522
9757
8358
8964
8230
9376
4564
9189
3969
3706
6950
157
1596
7645
9822
7777
4323
2777
8131
6161
4718
2225
9377
1297
4960
5539
678
6289
3806
773
2017
4096
4592
4481
1514
2983
4064
7867
7163
6379
7417
1472
9434
4721
4921
202
8674
4832
6803
6748
3494
5069
3420
9518
3716
6520
2443
2787
9051
8153
7791
1789
27
67
9022
9515
2973
4161
9969
7076
8157
381
741
4247
2590
7989
977
6039
2464
4496
8884
2326
6730
537
2202
1162
578
4401
5412
7550
3705
6406
1947
3160
7977
206
9266
6348
4171
3427
7454
3429
6990
5217
1288
6235
9463
4571
8141
7402
2570
6351
4655
9445
7439
4885
1979
1145
9813
4369
254
9813
7357
2868
1122
7978
9747
2742
6709
2473
904
2173
8256
8415
9897
7004
4740
6024
1741
3312
1490
7809
6031
4011
9427
6531
2920
5883
4281
9800
9342
6734
6215
3571
7557
5129
8137
3684
4024
3762
7529
7769
7643
1220
8340
3103
5042
1716
3425
5379
1773
1190
9262
9273
199
9428
3742
9871
6634
3065
9825
1818
8135
9057
4892
1573
393
8936
2268
8166
7132
8675
4863
9280
5734
1356
369
2672
1380
8834
9273
6320
2297
6906
620
8743
8640
1333
3555
2975
360
9581
2441
6698
7058
5968
5558
7108
7084
3031
5628
9572
989
3937
7600
9898
6408
1302
530
1154
5746
2368
1769
3156
6273
9868
59
3857
1671
5581
7652
7214
6732
2865
7722
9765
8695
2647
6951
3047
610
78
9253
8597
7437
396
1483
9489
6810
6888
5971
8172
7439
283
3399
1312
1857
6696
124
7783
7670
6544
5953
3690
3966
6820
5422
1509
8933
5545
8317
6834
7588
688
3531
4196
7487
9396
1733
3191
6522
7974
9699
9134
7781
260
5345
3611
4863
7213
5276
3410
7329
3987
8199
7216
5704
9260
2573
8524
6439
6303
7869
1094
230
9447
9397
1996
1785
6964
1114
9127
9264
1983
1501
3646
1968
4606
6174
5866
8530
1660
3265
5138
319
4828
4312
2366
7560
6817
8334
8595
7682
2631
9710
5900
1053
4851
6153
6576
9426
7479
4085
7739
7393
1813
1346
5957
2402
7767
7449
8578
9053
8166
454
1931
556
4996
7047
2767
3451
587
1925
9248
4911
3586
9025
7645
1997
4080
7429
2583
3009
4091
802
8908
7589
4343
1699
5410
2476
6809
9221
6708
4718
5992
2742
9161
5508
79
3589
2387
493
9326
2027
7284
4493
7724
4678
318
6028
7546
4956
480
4915
6081
5180
9294
8227
2532
4173
8258
5156
695
541
7713
585
2953
6573
8859
1465
8509
5433
6343
2610
7082
2762
123
9544
5208
4324
4704
5868
4315
8924
2057
8917
4447
2811
5354
9108
8138
3200
3588
9527
7274
895
9443
1953
5935
7215
5482
9614
1516
384
274
3678
791
2924
169
9717
6751
3951
1396
4516
3953
1308
6220
8555
4089
4642
6207
8951
6773
8746
1466
7196
43
3295
2226
9762
1784
5714
519
2752
628
8616
5140
1867
1884
1633
1063
9009
6725
6866
1829
1285
2611
79
3166
2737
4533
7586
6957
3047
3785
2327
9720
7581
757
7935
8182
9554
6262
9852
8711
7003
1633
2325
3922
3925
7797
1063
7770
5436
5853
4835
992
9893
3546
869
7690
3317
7569
6121
1866
6621
2711
6121
4896
3506
8721
8140
1001
6346
3706
7443
2781
3705
2102
8010
574
9771
6006
5231
1482
3947
2188
4416
5125
718
8168
7925
3026
593
9354
8443
6753
7317
1066
5309
2631
3037
5183
9886
3693
4737
4151
6345
2289
469
5279
8664
674
6152
2780
9789
8764
7262
9919
3521
3082
5420
4270
7611
9374
935
7864
2719
3314
5091
4303
3068
3057
1290
5488
1449
3978
6566
2535
694
8371
7678
4617
9990
4447
7957
1723
479
1055
9911
6304
8710
9238
5029
465
4599
2888
682
122
2649
3634
7400
6251
4954
9207
3200
4969
4180
8004
3566
4310
5598
6929
6916
4279
6447
7372
2183
5716
4229
6158
3844
6622
596
8207
7993
9877
2846
1105
8110
1932
8480
4505
1129
847
3828
875
9991
8549
7204
2137
9891
2354
4318
8411
2124
5145
9687
1346
7285
8146
3847
6053
398
9325
5944
1516
8157
9340
3515
1760
5575
7612
5677
4640
9005
5899
2233
92
6909
7102
4071
310
144
8398
7590
7153
4084
2417
305
7685
3870
4759
6659
5016
673
1677
1213
6609
215
4394
2314
3717
3262
2668
9529
6774
660
1339
1196
3562
5642
1345
9678
1255
7546
1852
982
2843
2461
1271
462
1353
3328
829
2777
8499
6108
9538
947
9434
8655
6325
1742
3458
8461
4371
8310
9638
5226
8996
4796
8221
6824
1781
431
7213
5696
7062
7434
8670
3189
1299
6722
3443
9446
848
9905
5971
6792
7112
4033
3460
8803
6283
7669
9697
2450
9606
2352
7979
6997
3942
2622
3338
6000
7556
8066
9852
2152
7089
2492
8470
2300
4383
965
3685
4327
5088
8242
9641
8312
1100
1062
9421
4207
2201
2385
9652
9334
9189
9648
5137
40
6798
4040
3564
5302
4964
6379
5785
7660
8479
6913
6423
3096
4018
9802
6876
173
8132
2402
489
7346
2359
8398
3519
5201
7697
4765
8923
6134
8555
6234
3715
9002
2478
5091
8800
583
560
9409
6778
5004
8064
3022
1792
5948
1224
6243
7309
7599
2383
8572
5952
9137
5930
9824
1503
285
6236
8000
6018
5762
36
5776
111
815
5150
8465
4724
3671
6378
5563
2258
8582
138
5174
6215
3407
8578
2541
1996
8833
9596
9998
6697
8831
898
7483
5280
6969
4723
451
8904
5030
826
6536
1290
2171
4375
9676
9073
9860
557
8848
6271
1402
5568
1281
9905
9495
312
6969
4450
4657
3644
1509
1643
6374
2994
8153
7080
6196
1159
8412
3447
6288
1975
9393
2721
1927
2266
4817
4449
3444
7494
6699
5880
4591
7766
994
8611
8680
7089
4300
5030
4736
4353
8828
340
2832
7367
9393
4405
982
6704
556
7083
12
1961
5598
598
3650
8914
3008
7948
3250
9781
59
6626
1033
1617
9422
1331
573
9493
3984
7119
510
5611
5373
409
4853
3555
9846
754
5574
1663
7345
4616
3150
1642
2704
4593
5263
9518
8595
914
3703
8174
9310
838
1574
1307
7825
3568
5035
2839
4918
3721
2018
1389
9512
1256
1326
2680
4847
8628
7992
1577
2383
3674
5943
2171
9872
2142
4703
8432
3197
189
5084
3088
569
5043
9497
3678
9046
9007
258
7676
6272
1184
8970
8485
1328
2581
9818
2639
3151
5755
8026
6714
9061
5233
1184
7839
5442
780
3123
1520
8567
7165
8929
8486
1660
1279
3064
3233
9862
5570
353
868
4682
3455
1088
5407
5690
6147
6045
3953
1010
671
4778
4873
8961
84
7886
7
1660
4239
807
3881
8536
7801
667
4700
8847
3864
5893
4440
2610
1845
1491
1016
9732
2918
2428
9274
6494
4870
5175
8259
7426
7162
4746
1324
4985
2846
2603
7598
4135
6614
4149
8979
2011
5175
3746
4993
6215
1009
4122
3984
8101
5020
7265
3432
91
4908
6224
2809
8988
2146
3528
6681
3473
9556
1567
6959
8122
4505
9229
8118
3473
2732
6098
771
5025
5616
8171
4044
6582
3116
8897
8640
5081
1578
3487
439
3487
3870
5734
9528
1263
3470
9314
2028
8096
3726
7677
4893
1008
8519
7635
5113
317
5860
9008
6829
6056
9203
3599
8829
4103
5359
3153
1435
1996
439
3655
4500
8425
330
4272
3766
6100
3763
8116
6163
2228
693
1733
7121
7830
1559
3829
613
5
1730
4713
1359
1301
295
8435
7653
6973
5540
339
9150
6964
1477
907
8237
2066
695
3572
1157
9522
6723
3681
7753
163
8530
425
2561
1963
8330
9150
5485
1376
9687
9794
158
7138
5716
2220
9729
5648
7906
5903
4737
4363
5099
7967
7680
4498
9104
4256
5873
508
4249
9792
8584
7785
8061
5882
5478
4009
9345
7921
8582
5910
6588
418
3468
6778
6533
1789
9471
2403
5469
7387
2002
7427
342
2038
3867
5256
5047
1952
2058
3067
5372
9012
8013
3567
6837
5522
5601
9268
612
2251
6316
8794
2174
9052
5190
7932
4900
7836
7184
4393
2683
9244
6391
1285
2310
7108
4837
8834
888
2536
9486
3483
9845
2732
4819
5514
1800
1898
4266
2038
4456
915
9480
