1259
3710
3261
8091
6385
6191
9869
8243
9050
5689
6124
8782
1234
237
7546
1812
8376
8545
2674
9389
5039
1253
6129
4591
2757
7077
2599
6015
4371
1623
4374
3577
3309
7177
8311
9838
2886
9107
2648
4019
981
5145
7857
8785
1094
8507
3204
4766
3516
4534
609
8627
8872
525
6093
3833
2069
5636
3773
3288
3511
5318
975
9694
2567
1570
8146
5071
8123
9072
5493
8267
1637
3892
6929
3051
1564
1519
6250
8913
4397
3418
7426
8750
51
7412
7500
8635
1405
9839
828
3804
2328
9474
7890
95
236
6905
6880
3955
2147
2328
7012
204
5036
8699
1963
1650
2687
4751
4733
2829
1561
8760
3498
3238
2078
9983
5928
4542
8756
2626
4663
7116
8729
1481
7016
1628
95
8705
2480
5412
3621
6383
9447
9762
603
1707
2246
6368
3931
1761
2368
5879
4530
727
6823
9243
7896
8877
5588
9359
6338
710
187
8273
3244
2468
7648
7320
509
4282
9283
6571
8755
6911
4444
7453
5787
5148
5447
7474
6692
9618
7903
8545
7819
2678
4632
7622
6198
7919
5468
3071
5131
5016
2617
7939
7415
1257
1512
3181
1178
4076
9170
4237
9059
6005
236
2400
6665
698
4836
9381
7274
4405
197
4399
136
361
9463
3409
5985
3933
8824
7392
4506
9720
1870
4334
770
5278
6937
216
339
3645
5511
4307
1811
1922
3040
6324
6090
7419
1227
5720
339
6485
2834
7880
8999
1169
6604
2951
6999
3393
803
3358
8729
457
3221
46
212
9649
6067
9829
4308
80
2028
1426
963
7931
1210
5317
4498
3454
6842
5901
6682
187
5442
1920
8761
3320
2210
7891
9889
7528
83
1826
3935
2442
6279
1523
3657
685
7089
6466
8675
4370
2236
8779
1122
4511
5208
4069
437
5969
3082
3906
5757
8892
8900
1623
5925
4725
4970
9011
9662
865
8108
3854
1459
7474
6458
2574
2214
1909
473
2663
9455
7381
4541
9493
1554
7101
3187
3452
539
3909
3738
3751
5655
7642
5363
2957
2703
9935
9512
2316
8592
8044
4212
4882
3217
2306
2241
291
2068
7647
8781
3653
9167
8273
5332
4775
6709
3359
397
8438
547
7723
8109
2852
7696
3421
5097
4021
2890
5734
471
8815
4375
3859
3527
8564
5418
6885
7429
1423
2852
1893
1216
8446
6354
9089
5222
1579
6334
1519
7087
6828
3447
9959
2461
9500
8826
2959
9496
6174
54
7249
2072
6269
453
3546
280
5874
8181
6542
601
2510
2282
2960
7089
2194
3547
1503
5962
1890
7240
1897
9549
3271
2844
4108
6046
8015
5405
5428
6356
7242
2886
9808
1969
1719
3354
9398
9886
4594
6919
6385
6838
1531
8410
1656
3685
1399
3646
4057
8616
3809
2312
5597
4190
8324
9761
1518
1035
7491
3580
9641
4651
405
9096
3685
3065
2434
8139
9616
7744
5419
2617
5364
8323
2903
5471
4374
6567
248
532
2471
8508
8875
7971
5123
1997
6711
7188
7311
8152
399
6131
6455
8400
3600
5198
7403
8876
491
6213
5922
9122
6694
4095
3212
6378
7849
6546
9250
1276
3618
3472
2803
4715
2960
5608
2815
8787
4122
8738
6172
5187
7001
2406
4816
2008
1440
694
7953
6378
9345
2091
9823
6597
3922
6438
8478
3011
9459
2780
958
5667
1454
4706
3553
7372
9806
9912
2789
8036
2962
5059
1967
6976
6465
106
1308
3455
2955
5695
2125
791
9229
5374
4638
6747
7989
5967
5487
5138
7945
8749
8698
1128
613
5951
8968
738
7540
9775
6397
8465
3953
2452
205
3113
7272
7720
4964
8868
2687
2020
5083
1543
9154
4719
960
7941
1987
8057
1322
2153
2685
7894
8546
3942
3843
5941
3893
5300
6677
649
7029
7191
1572
5682
9788
2309
3923
4496
5896
3682
5261
9544
8646
1275
7973
3862
6586
6548
4831
4330
5450
134
7136
5004
6134
9512
4178
3849
6090
9670
7099
470
9419
207
244
6472
8158
6270
7987
5098
2255
3604
1
4599
4326
4505
807
9720
1555
3123
9975
4851
3608
5514
9715
3109
6366
4523
4392
3498
8622
1826
5531
2529
5403
8156
4173
5806
3336
7153
6927
2664
9964
7360
2627
4011
6869
7156
9028
9405
889
682
4991
8883
8984
3005
6318
8868
8733
3801
7517
9758
8265
690
541
5874
7119
6306
6836
5816
6337
5012
8216
5671
6294
7238
3378
4679
2585
5690
4304
127
9184
9991
5450
92
174
5237
7501
3084
1534
2364
9139
8611
542
907
352
5801
7938
2435
6087
2019
6582
9895
1469
3259
6211
904
6491
9782
1069
3872
5703
7059
1383
5787
5083
4021
8073
5291
7071
4937
4332
356
1672
6793
9949
8813
9979
2577
2855
58
7021
7331
5164
8022
881
3544
3899
3382
2375
9605
6719
8440
2909
2408
2381
2291
3756
6418
4646
5595
3825
1882
4160
7102
6105
5964
2558
100
4415
2737
6666
6130
2536
2010
2386
1280
7325
4236
435
204
7479
8662
6321
6260
3297
3922
5202
4874
4133
2677
3073
4624
6681
4749
2058
8516
3061
4757
6144
3866
7175
8696
5904
9908
9045
5349
238
5443
9680
7565
7819
3367
7890
8070
2365
5370
4190
234
2212
31
1961
3010
9359
869
5076
7899
9055
9798
6791
7155
5641
900
463
4882
7158
5218
5406
2349
3094
1367
4309
5385
9109
8205
1099
6798
3089
1571
1857
1187
5124
4561
2788
5062
6304
4735
3603
9754
1804
867
8968
997
1232
2357
9637
1464
7010
5092
1644
6683
3295
1796
681
5072
6840
3676
9321
5043
3362
5286
8311
6489
3024
1276
1057
9629
2223
8121
5146
5638
5497
3661
5622
3251
5337
4045
6829
1534
2023
7255
2724
7334
1774
7221
7790
7520
9301
3527
5114
7736
4575
4526
4170
4994
7092
8557
5871
4387
6845
8909
1897
5548
5142
6262
7172
6607
6449
3400
8581
5725
6149
2134
2936
8664
2286
5733
4958
8932
3566
8716
988
4342
4088
5398
6274
1197
3506
5960
924
3900
1629
5578
7798
2723
2339
3996
4750
3588
181
7686
8755
5815
4144
6794
9945
